position	beam1_amplitude	beam1_phase	beam2_amplitude	beam2_phase	beam3_amplitude	beam3_phase	beam4_amplitude	beam4_phase	beam5_amplitude	beam5_phase
[-3.500 -3.500 0.000]	0.353	-80.309	0.432	-128.931	0.333	-142.967	0.442	141.614	0.405	84.255
[-3.500 -3.000 0.000]	0.313	150.127	0.44	73.328	0.369	36.636	0.375	-35.888	0.314	-91.089
[-3.500 -2.000 0.000]	0.08	28.521	0.078	-27.637	0.133	-78.643	0.101	-124.103	0.079	-153.23
[-3.500 -1.000 0.000]	0.221	-36.069	0.269	-89.521	0.177	-141.695	0.199	-179.028	0.217	162.323
[-3.500 0.000 0.000]	0.541	-54.846	0.598	-126.525	0.292	-178.046	0.423	155.384	0.49	136.375
[-3.500 1.000 0.000]	0.221	-36.069	0.269	-89.521	0.177	-141.695	0.199	-179.028	0.217	162.323
[-3.500 2.000 0.000]	0.08	28.521	0.078	-27.637	0.133	-78.643	0.101	-124.104	0.079	-153.231
[-3.500 3.000 0.000]	0.313	150.127	0.44	73.328	0.369	36.636	0.375	-35.888	0.314	-91.089
[-3.500 3.500 0.000]	0.353	-80.309	0.432	-128.931	0.333	-142.967	0.442	141.613	0.405	84.255
[-3.000 -3.500 0.000]	0.201	-175.308	0.201	135.296	0.29	51.149	0.254	-28.766	0.195	-80.425
[-3.000 -3.000 0.000]	0.247	89.152	0.11	-26.332	0.407	-138.451	0.314	155.301	0.228	120.383
[-3.000 -2.500 0.000]	0.037	15.959	0.017	67.09	0.14	75.555	0.127	25.755	0.087	-3.839
[-3.000 0.000 0.000]	0.106	-120.822	0.258	-24.134	0.306	-80.933	0.315	-116.352	0.323	-131.744
[-3.000 2.500 0.000]	0.037	15.959	0.017	67.09	0.14	75.554	0.127	25.755	0.087	-3.839
[-3.000 3.000 0.000]	0.247	89.152	0.11	-26.333	0.407	-138.451	0.314	155.302	0.228	120.383
[-3.000 3.500 0.000]	0.201	-175.308	0.201	135.297	0.29	51.149	0.254	-28.766	0.195	-80.425
[-2.500 -2.500 0.000]	0.1	-5.957	0.126	-27.469	0.167	-4.987	0.203	-71.624	0.167	-95.987
[-2.500 -2.000 0.000]	0.13	-72.81	0.117	-90.845	0.255	-131.917	0.17	-167.061	0.188	166.246
[-2.500 -1.000 0.000]	0.393	-154.793	0.299	-175.909	0.218	-178.683	0.292	146.21	0.281	131.608
[-2.500 0.000 0.000]	0.626	172.586	0.628	173.235	0.246	114.273	0.27	117.37	0.347	111.771
[-2.500 1.000 0.000]	0.393	-154.793	0.299	-175.909	0.218	-178.683	0.292	146.21	0.281	131.608
[-2.500 2.000 0.000]	0.13	-72.81	0.117	-90.845	0.255	-131.917	0.17	-167.061	0.188	166.246
[-2.500 2.500 0.000]	0.1	-5.956	0.126	-27.469	0.167	-4.987	0.203	-71.624	0.167	-95.987
[-2.000 -3.500 0.000]	0.196	59.436	0.225	-0.863	0.131	-43.998	0.15	-98.222	0.141	-117.98
[-2.000 -2.500 0.000]	0.073	-69.044	0.051	-105.895	0.149	-131.134	0.051	-130.535	0.054	-150.69
[-2.000 -2.000 0.000]	0.442	-121.946	0.448	-170.378	0.244	102.883	0.28	114.393	0.276	104.444
[-2.000 2.000 0.000]	0.442	-121.946	0.448	-170.378	0.244	102.883	0.28	114.393	0.276	104.444
[-2.000 2.500 0.000]	0.073	-69.044	0.051	-105.895	0.149	-131.134	0.051	-130.535	0.054	-150.691
[-2.000 3.500 0.000]	0.196	59.436	0.225	-0.863	0.131	-43.998	0.15	-98.222	0.141	-117.979
[-1.500 -3.500 0.000]	0.092	13.431	0.103	-49.296	0.078	-112.374	0.105	-142.638	0.131	-158.098
[-1.500 -1.500 0.000]	0.164	159.244	0.155	179.972	0.317	-144.857	0.235	170.919	0.184	142.981
[-1.500 -1.000 0.000]	1	103.698	0.745	89.186	0.394	83.05	0.462	83.129	0.507	77.653
[-1.500 0.000 0.000]	0.165	91.701	0.157	65.472	0.116	66.183	0.145	74.709	0.117	76.411
[-1.500 1.000 0.000]	1	103.698	0.745	89.186	0.394	83.05	0.462	83.129	0.507	77.653
[-1.500 1.500 0.000]	0.164	159.245	0.155	179.972	0.317	-144.857	0.235	170.92	0.184	142.982
[-1.500 3.500 0.000]	0.092	13.431	0.103	-49.296	0.078	-112.374	0.105	-142.638	0.131	-158.098
[-1.000 -3.500 0.000]	0.015	-29.983	0.015	-75.223	0.06	-91.644	0.037	-158.986	0.026	178.661
[-1.000 -2.500 0.000]	0.369	-147.288	0.229	-145.832	0.351	-155.427	0.339	173.811	0.278	150.051
[-1.000 -2.000 0.000]	0.347	147.408	0.341	121.259	0.395	56.031	0.335	47.313	0.264	51.401
[-1.000 -1.000 0.000]	0.144	55.496	0.094	35.894	0.316	24.604	0.188	-1.292	0.109	-2.785
[-1.000 -0.500 0.000]	0.246	38.377	0.205	26.792	0.501	-144.148	0.063	142.528	0.124	27.339
[-1.000 0.000 0.000]	0.826	41.593	0.541	50.98	0.865	37.32	0.361	38.297	0.304	55.915
[-1.000 0.500 0.000]	0.246	38.376	0.205	26.792	0.501	-144.148	0.063	142.529	0.124	27.339
[-1.000 1.000 0.000]	0.144	55.496	0.094	35.893	0.316	24.604	0.188	-1.292	0.109	-2.785
[-1.000 2.000 0.000]	0.347	147.408	0.341	121.259	0.395	56.03	0.335	47.312	0.264	51.401
[-1.000 2.500 0.000]	0.369	-147.287	0.229	-145.832	0.351	-155.426	0.339	173.811	0.278	150.051
[-1.000 3.500 0.000]	0.015	-29.983	0.015	-75.223	0.06	-91.643	0.037	-158.986	0.026	178.661
[-0.500 -3.500 0.000]	0.469	-49.142	0.534	-102.92	0.249	-137.027	0.308	-175.923	0.354	153.051
[-0.500 -3.000 0.000]	0.045	-118.597	0.037	77.754	0.173	38.228	0.103	2.213	0.06	-30.129
[-0.500 -1.500 0.000]	0.339	98.532	0.23	94.963	0.408	-162.881	0.291	157.803	0.236	138.077
[-0.500 -1.000 0.000]	0.849	57.79	0.414	61.083	0.504	44.698	0.434	51.213	0.474	55.274
[-0.500 0.000 0.000]	0.528	30.339	0.47	23.229	0.193	23.729	0.451	27.015	0.559	32.373
[-0.500 1.000 0.000]	0.849	57.79	0.414	61.083	0.504	44.698	0.434	51.213	0.474	55.273
[-0.500 1.500 0.000]	0.339	98.532	0.23	94.963	0.408	-162.881	0.291	157.803	0.236	138.077
[-0.500 3.000 0.000]	0.045	-118.597	0.037	77.754	0.173	38.228	0.103	2.213	0.06	-30.129
[-0.500 3.500 0.000]	0.469	-49.142	0.534	-102.92	0.249	-137.027	0.308	-175.923	0.354	153.051
[0.000 -3.500 0.000]	0.179	-50.392	0.483	-96.246	0.372	-137.076	0.383	-174.644	0.372	153.731
[0.000 -3.000 0.000]	0.211	-161.401	0.627	53.659	0.606	27.955	0.688	-9.35	0.671	-37.382
[0.000 -2.500 0.000]	0.202	-159.282	1	-129.466	1	-151.337	1	170.161	1	146.807
[0.000 -2.000 0.000]	0.615	118.293	0.745	76.586	0.756	44.468	0.55	25.95	0.472	15.637
[0.000 -1.500 0.000]	0.005	82.068	0.002	36.124	0.026	-169.184	0.008	160.236	0.003	134.441
[0.000 -1.000 0.000]	0.406	40.741	0.387	16.275	0.226	-12.364	0.281	-13.276	0.251	1.404
[0.000 0.000 0.000]	0.446	24.012	0.36	24.081	0.279	23.769	0.332	30.868	0.267	30.112
[0.000 1.000 0.000]	0.406	40.741	0.387	16.275	0.226	-12.365	0.281	-13.277	0.251	1.404
[0.000 1.500 0.000]	0.005	82.067	0.002	36.124	0.026	-169.184	0.008	160.236	0.003	134.441
[0.000 2.000 0.000]	0.615	118.293	0.745	76.585	0.756	44.468	0.55	25.95	0.472	15.637
[0.000 2.500 0.000]	0.202	-159.282	1	-129.466	1	-151.337	1	170.161	1	146.807
[0.000 3.000 0.000]	0.211	-161.402	0.627	53.659	0.606	27.955	0.688	-9.35	0.671	-37.382
[0.000 3.500 0.000]	0.179	-50.392	0.483	-96.246	0.372	-137.076	0.383	-174.644	0.372	153.732
[0.500 -3.500 0.000]	0.469	-49.142	0.534	-102.92	0.249	-137.027	0.308	-175.923	0.354	153.051
[0.500 -3.000 0.000]	0.045	-118.597	0.037	77.754	0.173	38.228	0.103	2.213	0.06	-30.129
[0.500 -1.500 0.000]	0.339	98.532	0.23	94.963	0.408	-162.881	0.291	157.803	0.236	138.077
[0.500 -1.000 0.000]	0.849	57.79	0.414	61.083	0.504	44.699	0.434	51.213	0.474	55.274
[0.500 0.000 0.000]	0.528	30.339	0.47	23.229	0.193	23.728	0.451	27.015	0.559	32.373
[0.500 1.000 0.000]	0.849	57.79	0.414	61.083	0.504	44.699	0.434	51.213	0.474	55.273
[0.500 1.500 0.000]	0.339	98.532	0.23	94.963	0.408	-162.881	0.291	157.803	0.236	138.077
[0.500 3.000 0.000]	0.045	-118.596	0.037	77.754	0.173	38.228	0.103	2.214	0.06	-30.128
[0.500 3.500 0.000]	0.469	-49.142	0.534	-102.92	0.249	-137.027	0.308	-175.923	0.354	153.051
[1.000 -3.500 0.000]	0.015	-29.983	0.015	-75.223	0.06	-91.644	0.037	-158.986	0.026	178.661
[1.000 -2.500 0.000]	0.369	-147.288	0.229	-145.832	0.351	-155.427	0.339	173.811	0.278	150.051
[1.000 -2.000 0.000]	0.347	147.408	0.341	121.26	0.395	56.031	0.335	47.313	0.264	51.402
[1.000 -1.000 0.000]	0.144	55.497	0.094	35.893	0.316	24.604	0.188	-1.292	0.109	-2.785
[1.000 -0.500 0.000]	0.246	38.377	0.205	26.792	0.501	-144.148	0.063	142.527	0.124	27.339
[1.000 0.000 0.000]	0.826	41.593	0.541	50.98	0.865	37.32	0.361	38.297	0.304	55.915
[1.000 0.500 0.000]	0.246	38.376	0.205	26.792	0.501	-144.148	0.063	142.528	0.124	27.339
[1.000 1.000 0.000]	0.144	55.496	0.094	35.893	0.316	24.604	0.188	-1.292	0.109	-2.785
[1.000 2.000 0.000]	0.347	147.408	0.341	121.259	0.395	56.031	0.335	47.313	0.264	51.402
[1.000 2.500 0.000]	0.369	-147.288	0.229	-145.832	0.351	-155.426	0.339	173.811	0.278	150.051
[1.000 3.500 0.000]	0.015	-29.983	0.015	-75.223	0.06	-91.643	0.037	-158.986	0.026	178.661
[1.500 -3.500 0.000]	0.092	13.431	0.103	-49.296	0.078	-112.374	0.105	-142.638	0.131	-158.098
[1.500 -1.500 0.000]	0.164	159.244	0.155	179.972	0.317	-144.857	0.235	170.919	0.184	142.981
[1.500 -1.000 0.000]	1	103.698	0.745	89.186	0.394	83.05	0.462	83.129	0.507	77.653
[1.500 0.000 0.000]	0.165	91.701	0.157	65.472	0.116	66.183	0.145	74.709	0.117	76.411
[1.500 1.000 0.000]	1	103.698	0.745	89.186	0.394	83.05	0.462	83.129	0.507	77.653
[1.500 1.500 0.000]	0.164	159.245	0.155	179.972	0.317	-144.857	0.235	170.919	0.184	142.981
[1.500 3.500 0.000]	0.092	13.431	0.103	-49.296	0.078	-112.374	0.105	-142.638	0.131	-158.098
[2.000 -3.500 0.000]	0.196	59.436	0.225	-0.863	0.131	-43.998	0.15	-98.221	0.141	-117.98
[2.000 -2.500 0.000]	0.073	-69.044	0.051	-105.895	0.149	-131.134	0.051	-130.535	0.054	-150.69
[2.000 -2.000 0.000]	0.442	-121.946	0.448	-170.378	0.244	102.883	0.28	114.393	0.276	104.444
[2.000 2.000 0.000]	0.442	-121.946	0.448	-170.378	0.244	102.883	0.28	114.393	0.276	104.444
[2.000 2.500 0.000]	0.073	-69.044	0.051	-105.894	0.149	-131.134	0.051	-130.535	0.054	-150.691
[2.000 3.500 0.000]	0.196	59.436	0.225	-0.863	0.131	-43.998	0.15	-98.221	0.141	-117.979
[2.500 -2.500 0.000]	0.1	-5.957	0.126	-27.47	0.167	-4.987	0.203	-71.624	0.167	-95.987
[2.500 -2.000 0.000]	0.13	-72.809	0.117	-90.845	0.255	-131.917	0.17	-167.061	0.188	166.246
[2.500 -1.000 0.000]	0.393	-154.793	0.299	-175.909	0.218	-178.683	0.292	146.21	0.281	131.608
[2.500 0.000 0.000]	0.626	172.586	0.628	173.235	0.246	114.273	0.27	117.37	0.347	111.771
[2.500 1.000 0.000]	0.393	-154.793	0.299	-175.909	0.218	-178.683	0.292	146.21	0.281	131.608
[2.500 2.000 0.000]	0.13	-72.809	0.117	-90.845	0.255	-131.917	0.17	-167.061	0.188	166.246
[2.500 2.500 0.000]	0.1	-5.956	0.126	-27.47	0.167	-4.987	0.203	-71.624	0.167	-95.987
[3.000 -3.500 0.000]	0.201	-175.307	0.201	135.297	0.29	51.148	0.254	-28.766	0.195	-80.425
[3.000 -3.000 0.000]	0.247	89.152	0.11	-26.333	0.407	-138.451	0.314	155.301	0.228	120.383
[3.000 -2.500 0.000]	0.037	15.959	0.017	67.091	0.14	75.554	0.127	25.755	0.087	-3.839
[3.000 0.000 0.000]	0.106	-120.823	0.258	-24.134	0.306	-80.933	0.315	-116.352	0.323	-131.744
[3.000 2.500 0.000]	0.037	15.959	0.017	67.091	0.14	75.554	0.127	25.755	0.087	-3.839
[3.000 3.000 0.000]	0.247	89.152	0.11	-26.334	0.407	-138.451	0.314	155.302	0.228	120.383
[3.000 3.500 0.000]	0.201	-175.307	0.201	135.297	0.29	51.148	0.254	-28.766	0.195	-80.425
[3.500 -3.500 0.000]	0.353	-80.308	0.432	-128.931	0.333	-142.967	0.442	141.614	0.405	84.255
[3.500 -3.000 0.000]	0.313	150.127	0.44	73.328	0.369	36.636	0.375	-35.888	0.314	-91.089
[3.500 -2.000 0.000]	0.08	28.521	0.078	-27.637	0.133	-78.643	0.101	-124.103	0.079	-153.23
[3.500 -1.000 0.000]	0.221	-36.069	0.269	-89.521	0.177	-141.695	0.199	-179.028	0.217	162.323
[3.500 0.000 0.000]	0.541	-54.845	0.598	-126.525	0.292	-178.046	0.423	155.384	0.49	136.375
[3.500 1.000 0.000]	0.221	-36.069	0.269	-89.521	0.177	-141.695	0.199	-179.029	0.217	162.323
[3.500 2.000 0.000]	0.08	28.521	0.078	-27.637	0.133	-78.643	0.101	-124.104	0.079	-153.231
[3.500 3.000 0.000]	0.313	150.127	0.44	73.328	0.369	36.636	0.375	-35.888	0.314	-91.089
[3.500 3.500 0.000]	0.353	-80.308	0.432	-128.931	0.333	-142.967	0.442	141.613	0.405	84.255
