position	beam1_amplitude	beam1_phase	beam2_amplitude	beam2_phase	beam3_amplitude	beam3_phase	beam4_amplitude	beam4_phase	beam5_amplitude	beam5_phase
[-3.500 -2.000 0.000]	0.091	57.408	0.076	-145.309	0.216	58.754	0.162	171.707	0.177	19.989
[-3.500 -1.500 0.000]	0.673	19.078	0.586	130.5	0.759	-77.096	0.744	109.913	0.124	-51.18
[-3.500 -1.000 0.000]	0.198	-45.925	0.257	49.73	0.362	147.744	0.624	-22.365	0.267	-121.645
[-3.500 -0.500 0.000]	0.203	-59.972	0.166	15.153	0.196	171.957	0.315	-117.202	0.407	101.998
[-3.500 0.000 0.000]	0.298	-65.72	0.316	-34.988	0.408	41.724	0.483	-175.015	0.395	-25.766
[-3.500 0.500 0.000]	0.119	-63.549	0.125	-70.676	0.253	-14.467	0.199	114.073	0.155	-99.387
[-3.500 1.000 0.000]	0.122	-50.051	0.14	-78.001	0.214	-62.673	0.208	30.121	0.206	109.563
[-3.500 1.500 0.000]	0.085	-16.945	0.132	-69.633	0.188	-23.1	0.367	-15.542	0.119	-74.084
[-3.500 2.000 0.000]	0.35	37.183	0.319	-52.697	0.478	-110.692	0.073	-54.136	0.753	70.714
[-3.500 2.500 0.000]	0.269	131.927	0.315	29.129	0.426	48.658	0.865	-52.695	1	-76.163
[-3.500 3.000 0.000]	0.316	161.849	0.424	-16.68	0.931	-93.366	1	-172.478	0.523	108.042
[-3.500 3.500 0.000]	0.17	-36.957	0.358	168.426	0.585	77.154	0.865	-25.397	0.742	-69.427
[-3.000 -3.000 0.000]	0.201	114.928	0.294	-72.866	0.476	130.681	0.434	-4.002	0.194	-93.355
[-3.000 -2.500 0.000]	0.441	53.176	0.403	-158.734	0.44	-26.165	0.587	-161.42	0.36	102.116
[-3.000 -1.000 0.000]	0.043	-59.673	0.055	10.387	0.143	56.132	0.124	-139.384	0.134	39.628
[-3.000 0.500 0.000]	0.116	-100.17	0.089	-105.342	0.146	107.26	0.282	1.585	0.3	119.44
[-3.000 3.000 0.000]	0.133	92.331	0.062	-71.521	0.285	107.6	0.66	63.649	0.336	97.899
[-2.500 -3.500 0.000]	0.314	132.033	0.336	-38.265	0.487	-158.561	0.723	80.409	0.418	-17.517
[-2.500 -3.000 0.000]	0.108	49.788	0.177	-139.763	0.246	41.749	0.536	-87.385	0.358	178.063
[-2.500 -2.000 0.000]	0.56	-78.249	0.441	57.094	0.096	-109.194	0.364	61.383	0.411	-71.283
[-2.500 1.000 0.000]	0.412	-146.54	0.433	-167.035	0.547	-133.406	0.408	-79.264	0.242	49.633
[-2.500 2.500 0.000]	0.126	6.541	0.173	-75.321	0.484	-144.57	0.194	-171.552	0.047	-80.716
[-2.500 3.000 0.000]	0.208	52.928	0.094	-64.226	0.444	5.588	0.731	-99.944	0.456	-101.691
[-2.500 3.500 0.000]	0.104	153.887	0.114	-0.38	0.407	-111.719	0.33	-168.142	0.112	140.947
[-2.000 -1.000 0.000]	0.212	164.491	0.16	-121.578	0.193	54.485	0.205	-125.63	0.211	43.591
[-2.000 0.000 0.000]	0.481	138.187	0.393	166.898	0.408	-104.523	0.382	38.1	0.188	-149.762
[-2.000 0.500 0.000]	0.202	139.387	0.159	130.8	0.157	-136.818	0.349	-28.614	0.247	112.482
[-2.000 1.500 0.000]	0.399	-166.873	0.36	130.327	0.4	98.8	0.349	178.713	0.284	-86.979
[-2.000 2.500 0.000]	0.214	-67.218	0.209	-179.785	0.314	97.435	0.457	115.744	0.282	142.714
[-2.000 3.500 0.000]	0.393	58.867	0.417	-98.431	0.455	145.825	0.713	84.097	0.309	106.256
[-1.500 -3.500 0.000]	0.484	3.968	0.539	-120.966	0.623	141.745	0.81	39.193	0.47	-38.799
[-1.500 -3.000 0.000]	0.134	-54.943	0.362	105.623	0.661	-28.208	0.775	-136.837	0.614	137.536
[-1.500 -2.500 0.000]	0.411	-98.832	0.18	42.722	0.281	158.15	0.682	68.954	0.52	-51.972
[-1.500 -1.500 0.000]	0.037	146.187	0.026	-99.35	0.084	77.419	0.045	-92.44	0.114	81.039
[-1.500 -0.500 0.000]	0.654	79.499	0.487	144.491	0.314	-108.424	0.646	67.132	0.354	-140.358
[-1.500 0.500 0.000]	0.365	67.877	0.369	70.986	0.5	124.452	0.612	-117.11	0.273	57.559
[-1.500 1.000 0.000]	0.32	98.572	0.289	67.912	0.1	158.962	0.383	168.92	0.365	-56.144
[-1.500 2.000 0.000]	0.27	-153.517	0.228	110.774	0.157	105.171	0.474	110.309	0.373	-176.161
[-1.000 -2.500 0.000]	0.047	-155.154	0.023	-24.635	0.169	154.222	0.103	63.266	0.203	-32.141
[-1.000 -1.000 0.000]	0.463	79.916	0.431	167.792	0.254	-82.487	0.418	126.983	0.213	-4.037
[-1.000 0.000 0.000]	0.606	48.094	0.5	90.106	0.416	-165.253	0.631	-68.867	0.346	118.632
[-1.000 1.500 0.000]	0.805	98.575	0.753	45.238	0.75	54.626	0.819	114.917	0.438	-114.366
[-1.000 2.500 0.000]	0.143	-108.385	0.274	129.901	0.659	41.318	0.624	27.341	0.242	160.868
[-1.000 3.000 0.000]	0.108	-143.774	0.173	-11.079	0.445	-137.667	0.591	102.05	0.72	94.439
[-1.000 3.500 0.000]	0.502	-13.14	0.549	-178.337	0.677	72.346	0.618	-1.602	0.295	-11.233
[-0.500 -3.500 0.000]	0.69	-35.543	0.63	-168.874	0.589	95.411	0.898	-8.297	0.448	-101.215
[-0.500 -3.000 0.000]	0.006	158.853	0.139	24.218	0.303	-108.44	0.648	164.407	0.341	75.323
[-0.500 -2.000 0.000]	0.155	149.32	0.105	-55.439	0.402	-134.398	0.031	-146.234	0.17	131.588
[-0.500 -1.500 0.000]	0.679	98.341	0.537	-133.978	0.799	46.97	0.475	-115.923	0.114	81.765
[-0.500 -1.000 0.000]	0.41	32.576	0.419	122.9	0.725	-89.524	0.421	116.141	0.25	-55.284
[-0.500 -0.500 0.000]	0.554	34.359	0.397	62.77	0.363	145.484	0.662	-8.758	0.412	-162.567
[-0.500 0.500 0.000]	0.765	32.081	0.797	29.565	0.757	77.469	0.641	-159.68	0.698	10.061
[-0.500 1.000 0.000]	0.162	33.319	0.126	1.354	0.158	18.34	0.592	137.513	0.387	-104.354
[-0.500 2.000 0.000]	0.239	169.815	0.261	27.673	0.133	-72.016	0.694	73.495	0.681	151.975
[-0.500 2.500 0.000]	0.039	-78.039	0.154	110.909	0.409	51.15	0.522	-28.216	0.336	17.346
[-0.500 3.500 0.000]	0.084	-38.509	0.102	143.26	0.378	-26.774	0.317	-60.347	0.099	-52.843
[0.000 -3.500 0.000]	0.148	-80.672	0.098	165.885	0.291	58.361	0.178	29.504	0.295	-63.305
[0.000 -3.000 0.000]	0.155	170.906	0.197	8.8	0.587	-99.051	0.489	-159.748	0.294	104.795
[0.000 -2.500 0.000]	0.272	176.876	0.172	-79.125	0.647	54.605	0.569	-29.973	0.413	-93.73
[0.000 -1.000 0.000]	0.08	36.532	0.069	136.91	0.082	-103.536	0.14	103.854	0.195	-22.397
[0.000 0.000 0.000]	0.47	12.832	0.393	51.851	0.335	168.253	0.665	-91.442	0.278	97.309
[0.000 1.000 0.000]	0.15	55.26	0.132	35.227	0.044	-41.339	0.605	168.722	0.211	-99.162
[0.000 1.500 0.000]	0.613	91.676	0.392	45.611	1	42.234	0.776	45.356	0.438	-113.162
[0.000 2.000 0.000]	0.271	147.169	0.228	47.932	0.487	-136.276	0.381	123.244	0.482	140.035
[0.000 2.500 0.000]	0.022	-142.949	0.476	106.634	0.98	11.982	0.694	-19.331	0.298	38.468
[0.000 3.000 0.000]	0.292	133.266	0.449	-46.654	0.75	162.12	0.966	81.215	0.479	116.999
[0.000 3.500 0.000]	1	-39.564	1	155.172	0.72	35.666	0.686	-40.295	0.353	-1.347
[0.500 -3.500 0.000]	0.69	-35.543	0.63	-168.874	0.589	95.41	0.898	-8.297	0.448	-101.215
[0.500 -3.000 0.000]	0.006	158.885	0.139	24.218	0.303	-108.439	0.648	164.407	0.341	75.323
[0.500 -2.000 0.000]	0.155	149.32	0.105	-55.439	0.402	-134.398	0.031	-146.231	0.17	131.587
[0.500 -1.500 0.000]	0.679	98.341	0.537	-133.978	0.799	46.971	0.475	-115.924	0.114	81.767
[0.500 -1.000 0.000]	0.41	32.576	0.419	122.9	0.725	-89.523	0.421	116.141	0.25	-55.284
[0.500 -0.500 0.000]	0.554	34.36	0.397	62.77	0.363	145.483	0.662	-8.76	0.412	-162.567
[0.500 0.500 0.000]	0.765	32.082	0.797	29.565	0.757	77.469	0.641	-159.678	0.698	10.062
[0.500 1.000 0.000]	0.162	33.32	0.126	1.354	0.158	18.339	0.592	137.512	0.387	-104.353
[0.500 2.000 0.000]	0.239	169.816	0.261	27.674	0.133	-72.011	0.694	73.494	0.681	151.975
[0.500 2.500 0.000]	0.039	-78.034	0.154	110.909	0.409	51.151	0.522	-28.216	0.336	17.346
[0.500 3.500 0.000]	0.084	-38.509	0.102	143.259	0.378	-26.774	0.317	-60.347	0.099	-52.842
[1.000 -2.500 0.000]	0.047	-155.153	0.023	-24.635	0.169	154.223	0.103	63.267	0.203	-32.141
[1.000 -1.000 0.000]	0.463	79.915	0.431	167.792	0.254	-82.488	0.418	126.983	0.213	-4.037
[1.000 0.000 0.000]	0.607	48.094	0.5	90.106	0.416	-165.253	0.631	-68.866	0.346	118.632
[1.000 1.500 0.000]	0.805	98.575	0.753	45.238	0.75	54.626	0.819	114.917	0.438	-114.365
[1.000 2.500 0.000]	0.143	-108.386	0.274	129.901	0.659	41.318	0.624	27.341	0.242	160.867
[1.000 3.000 0.000]	0.108	-143.773	0.173	-11.08	0.445	-137.666	0.591	102.051	0.72	94.439
[1.000 3.500 0.000]	0.502	-13.14	0.549	-178.336	0.677	72.346	0.618	-1.602	0.295	-11.232
[1.500 -3.500 0.000]	0.484	3.968	0.539	-120.966	0.623	141.744	0.81	39.192	0.47	-38.799
[1.500 -3.000 0.000]	0.134	-54.944	0.362	105.623	0.661	-28.208	0.775	-136.839	0.614	137.536
[1.500 -2.500 0.000]	0.411	-98.832	0.18	42.722	0.281	158.15	0.682	68.954	0.52	-51.972
[1.500 -1.500 0.000]	0.037	146.187	0.026	-99.35	0.084	77.42	0.045	-92.441	0.114	81.038
[1.500 -0.500 0.000]	0.654	79.499	0.487	144.491	0.314	-108.424	0.646	67.133	0.354	-140.359
[1.500 0.500 0.000]	0.365	67.877	0.369	70.986	0.5	124.452	0.612	-117.11	0.273	57.558
[1.500 1.000 0.000]	0.32	98.572	0.289	67.912	0.1	158.962	0.383	168.919	0.365	-56.143
[1.500 2.000 0.000]	0.27	-153.516	0.228	110.774	0.157	105.171	0.474	110.309	0.373	-176.16
[2.000 -1.000 0.000]	0.212	164.491	0.16	-121.578	0.193	54.484	0.205	-125.631	0.211	43.592
[2.000 0.000 0.000]	0.481	138.187	0.393	166.899	0.408	-104.522	0.382	38.1	0.188	-149.759
[2.000 0.500 0.000]	0.202	139.387	0.159	130.8	0.157	-136.819	0.349	-28.614	0.247	112.481
[2.000 1.500 0.000]	0.399	-166.873	0.36	130.327	0.4	98.8	0.349	178.714	0.284	-86.979
[2.000 2.500 0.000]	0.214	-67.218	0.209	-179.786	0.314	97.435	0.457	115.744	0.282	142.714
[2.000 3.500 0.000]	0.393	58.867	0.417	-98.431	0.455	145.825	0.713	84.097	0.309	106.256
[2.500 -3.500 0.000]	0.314	132.033	0.336	-38.265	0.487	-158.562	0.723	80.41	0.418	-17.517
[2.500 -3.000 0.000]	0.108	49.788	0.177	-139.763	0.246	41.749	0.536	-87.385	0.358	178.062
[2.500 -2.000 0.000]	0.56	-78.249	0.441	57.094	0.096	-109.194	0.364	61.382	0.411	-71.282
[2.500 1.000 0.000]	0.412	-146.54	0.433	-167.035	0.547	-133.406	0.408	-79.264	0.242	49.632
[2.500 2.500 0.000]	0.126	6.542	0.173	-75.32	0.484	-144.569	0.194	-171.55	0.047	-80.713
[2.500 3.000 0.000]	0.208	52.928	0.094	-64.224	0.444	5.588	0.731	-99.944	0.456	-101.691
[2.500 3.500 0.000]	0.104	153.886	0.114	-0.381	0.407	-111.72	0.33	-168.142	0.112	140.945
[3.000 -3.000 0.000]	0.201	114.927	0.294	-72.865	0.476	130.681	0.434	-4.003	0.194	-93.354
[3.000 -2.500 0.000]	0.441	53.176	0.403	-158.735	0.44	-26.165	0.587	-161.419	0.36	102.116
[3.000 -1.000 0.000]	0.043	-59.673	0.055	10.388	0.143	56.133	0.124	-139.382	0.134	39.629
[3.000 0.500 0.000]	0.116	-100.169	0.089	-105.343	0.146	107.259	0.282	1.584	0.3	119.44
[3.000 3.000 0.000]	0.133	92.33	0.062	-71.52	0.285	107.601	0.66	63.649	0.336	97.899
[3.500 -2.000 0.000]	0.091	57.408	0.076	-145.31	0.216	58.754	0.162	171.706	0.177	19.989
[3.500 -1.500 0.000]	0.673	19.079	0.586	130.5	0.759	-77.096	0.744	109.913	0.124	-51.18
[3.500 -1.000 0.000]	0.198	-45.925	0.257	49.731	0.362	147.744	0.624	-22.365	0.267	-121.645
[3.500 -0.500 0.000]	0.203	-59.972	0.166	15.154	0.196	171.959	0.315	-117.201	0.407	101.998
[3.500 0.000 0.000]	0.298	-65.72	0.316	-34.989	0.408	41.725	0.483	-175.015	0.395	-25.767
[3.500 0.500 0.000]	0.119	-63.549	0.125	-70.676	0.253	-14.469	0.199	114.071	0.155	-99.391
[3.500 1.000 0.000]	0.122	-50.052	0.14	-78.002	0.214	-62.675	0.208	30.123	0.206	109.564
[3.500 1.500 0.000]	0.085	-16.945	0.132	-69.634	0.188	-23.105	0.367	-15.542	0.119	-74.084
[3.500 2.000 0.000]	0.35	37.183	0.319	-52.696	0.478	-110.696	0.073	-54.154	0.753	70.714
[3.500 2.500 0.000]	0.269	131.925	0.315	29.131	0.426	48.653	0.865	-52.693	1	-76.163
[3.500 3.000 0.000]	0.316	161.848	0.424	-16.681	0.931	-93.368	1	-172.479	0.523	108.041
[3.500 3.500 0.000]	0.17	-36.956	0.358	168.427	0.585	77.153	0.865	-25.397	0.742	-69.427
