position	amplitude	phase
[-3.500 -3.500 0.000]	0.521	-92.845
[-3.500 -2.500 0.000]	0.435	106.221
[-3.500 -0.500 0.000]	0.745	-52.353
[-3.500 0.500 0.000]	0.687	-53.011
[-3.500 2.500 0.000]	0.358	110.368
[-3.500 3.500 0.000]	0.581	-90.254
[-3.000 -3.500 0.000]	0.415	168.667
[-3.000 3.500 0.000]	0.381	168.111
[-2.500 -2.500 0.000]	0.225	-13.865
[-2.500 -1.500 0.000]	0.366	-105.453
[-2.500 1.500 0.000]	0.274	-107.132
[-2.500 2.500 0.000]	0.18	-14.393
[-2.000 -1.500 0.000]	0.491	-169.587
[-2.000 -0.500 0.000]	0.641	134.581
[-2.000 0.500 0.000]	0.612	134.387
[-2.000 1.500 0.000]	0.55	-174.086
[-1.500 -2.500 0.000]	0.654	-124.834
[-1.500 -0.500 0.000]	0.558	76.466
[-1.500 0.500 0.000]	0.554	80.231
[-1.500 2.500 0.000]	0.631	-121.08
[-1.000 -2.000 0.000]	0.302	179.314
[-1.000 -1.500 0.000]	0.631	101.081
[-1.000 0.000 0.000]	0.737	58.108
[-1.000 1.500 0.000]	0.654	101.887
[-1.000 2.000 0.000]	0.298	-174.857
[-0.500 -3.500 0.000]	0.6	-44.782
[-0.500 -1.000 0.000]	1	47.59
[-0.500 0.000 0.000]	0.455	25.348
[-0.500 1.000 0.000]	0.978	50.692
[-0.500 3.500 0.000]	0.624	-45.262
[0.000 -2.000 0.000]	0.986	116.714
[0.000 -0.500 0.000]	0.076	49.813
[0.000 0.000 0.000]	0.606	18.197
[0.000 0.500 0.000]	0.084	50.085
[0.000 2.000 0.000]	0.987	116.636
[0.500 -3.500 0.000]	0.63	-44.754
[0.500 -1.000 0.000]	0.969	50.756
[0.500 0.000 0.000]	0.454	25.566
[0.500 1.000 0.000]	0.996	47.576
[0.500 3.500 0.000]	0.608	-45.309
[1.000 -2.000 0.000]	0.309	-174.721
[1.000 -1.500 0.000]	0.658	102.154
[1.000 0.000 0.000]	0.733	57.615
[1.000 1.500 0.000]	0.623	100.631
[1.000 2.000 0.000]	0.309	179.513
[1.500 -2.500 0.000]	0.632	-121.233
[1.500 -0.500 0.000]	0.546	80.085
[1.500 0.500 0.000]	0.558	76.679
[1.500 2.500 0.000]	0.661	-124.013
[2.000 -1.500 0.000]	0.558	-174.754
[2.000 -0.500 0.000]	0.613	134.634
[2.000 0.500 0.000]	0.639	134.693
[2.000 1.500 0.000]	0.486	-169.404
[2.500 -2.500 0.000]	0.172	-15.125
[2.500 -1.500 0.000]	0.275	-106.776
[2.500 1.500 0.000]	0.373	-105.934
[2.500 2.500 0.000]	0.22	-14.606
[3.000 -3.500 0.000]	0.384	168.661
[3.000 3.500 0.000]	0.421	169.639
[3.500 -3.500 0.000]	0.581	-90.165
[3.500 -2.500 0.000]	0.356	110.571
[3.500 -0.500 0.000]	0.689	-52.844
[3.500 0.500 0.000]	0.747	-52.205
[3.500 2.500 0.000]	0.434	105.877
[3.500 3.500 0.000]	0.512	-92.932
