position	amplitude	phase
[-3.500 -3.500 0.000]	0.331	-2.148
[-3.500 -2.500 0.000]	0.235	-165.823
[-3.500 -0.500 0.000]	0.593	4.589
[-3.500 0.500 0.000]	0.559	5.481
[-3.500 2.500 0.000]	0.181	-167.904
[-3.500 3.500 0.000]	0.365	1.059
[-3.000 -3.500 0.000]	0.214	-107.856
[-3.000 3.500 0.000]	0.198	-111.36
[-2.500 -2.500 0.000]	0.061	25.918
[-2.500 -1.500 0.000]	0.176	-69.902
[-2.500 1.500 0.000]	0.109	-66.439
[-2.500 2.500 0.000]	0.043	25.366
[-2.000 -1.500 0.000]	0.504	-143.311
[-2.000 -0.500 0.000]	0.568	147.82
[-2.000 0.500 0.000]	0.536	147.876
[-2.000 1.500 0.000]	0.547	-141.789
[-1.500 -2.500 0.000]	0.665	-82.849
[-1.500 -0.500 0.000]	0.495	87.923
[-1.500 0.500 0.000]	0.503	91.178
[-1.500 2.500 0.000]	0.664	-83.079
[-1.000 -2.000 0.000]	0.132	-176.613
[-1.000 -1.500 0.000]	0.562	130.483
[-1.000 0.000 0.000]	0.78	55.258
[-1.000 1.500 0.000]	0.585	131.291
[-1.000 2.000 0.000]	0.118	-172.958
[-0.500 -3.500 0.000]	0.458	13.677
[-0.500 -1.000 0.000]	0.971	62.035
[-0.500 0.000 0.000]	0.334	17.169
[-0.500 1.000 0.000]	1	62.824
[-0.500 3.500 0.000]	0.493	11.557
[0.000 -2.000 0.000]	0.929	127.001
[0.000 -0.500 0.000]	0.005	26.891
[0.000 0.000 0.000]	0.549	22.382
[0.000 0.500 0.000]	0.006	27.613
[0.000 2.000 0.000]	0.927	126.812
[0.500 -3.500 0.000]	0.497	11.824
[0.500 -1.000 0.000]	0.994	62.719
[0.500 0.000 0.000]	0.331	16.944
[0.500 1.000 0.000]	0.963	61.934
[0.500 3.500 0.000]	0.463	13.318
[1.000 -2.000 0.000]	0.123	-173.337
[1.000 -1.500 0.000]	0.586	131.544
[1.000 0.000 0.000]	0.778	55.49
[1.000 1.500 0.000]	0.557	130.365
[1.000 2.000 0.000]	0.137	-176.88
[1.500 -2.500 0.000]	0.662	-83.102
[1.500 -0.500 0.000]	0.495	91.17
[1.500 0.500 0.000]	0.495	88.192
[1.500 2.500 0.000]	0.668	-82.736
[2.000 -1.500 0.000]	0.551	-141.976
[2.000 -0.500 0.000]	0.543	147.845
[2.000 0.500 0.000]	0.572	147.673
[2.000 1.500 0.000]	0.502	-143.263
[2.500 -2.500 0.000]	0.04	25.171
[2.500 -1.500 0.000]	0.11	-66.303
[2.500 1.500 0.000]	0.184	-69.961
[2.500 2.500 0.000]	0.059	25.737
[3.000 -3.500 0.000]	0.199	-111.22
[3.000 3.500 0.000]	0.22	-107.69
[3.500 -3.500 0.000]	0.366	0.976
[3.500 -2.500 0.000]	0.178	-167.804
[3.500 -0.500 0.000]	0.559	5.432
[3.500 0.500 0.000]	0.594	4.697
[3.500 2.500 0.000]	0.233	-165.911
[3.500 3.500 0.000]	0.329	-1.938
