position	beam1_amplitude	beam1_phase	beam2_amplitude	beam2_phase	beam3_amplitude	beam3_phase	beam4_amplitude	beam4_phase
[-3.500 -3.500 0.000]	0.454	-74.571	0.458	-131.203	0.383	-145.393	0.422	141.411
[-3.500 -3.000 0.000]	0.332	147.422	0.446	73.532	0.392	31.412	0.363	-36.906
[-3.500 -2.000 0.000]	0.11	25.527	0.085	-30.588	0.146	-73.916	0.086	-122.946
[-3.500 -1.000 0.000]	0.228	-33.861	0.255	-89.698	0.166	-139.076	0.182	-176.355
[-3.500 0.000 0.000]	0.488	-66.295	0.584	-125.19	0.333	179.46	0.388	154.183
[-3.500 1.000 0.000]	0.228	-33.861	0.255	-89.698	0.166	-139.076	0.182	-176.355
[-3.500 2.000 0.000]	0.11	25.526	0.085	-30.588	0.146	-73.917	0.086	-122.946
[-3.500 3.000 0.000]	0.332	147.422	0.446	73.533	0.392	31.412	0.363	-36.906
[-3.500 3.500 0.000]	0.454	-74.571	0.458	-131.203	0.383	-145.393	0.422	141.411
[-3.000 -3.500 0.000]	0.304	-175.874	0.233	130.916	0.32	45.869	0.256	-29.921
[-3.000 -3.000 0.000]	0.317	82.027	0.13	-41.156	0.409	-141.504	0.294	152.201
[-3.000 -2.500 0.000]	0.065	13.332	0.023	71.728	0.15	72.134	0.122	23.346
[-3.000 0.000 0.000]	0.097	-114.008	0.263	-12.769	0.295	-77.447	0.254	-113.315
[-3.000 2.500 0.000]	0.065	13.332	0.023	71.729	0.15	72.133	0.122	23.346
[-3.000 3.000 0.000]	0.317	82.026	0.13	-41.157	0.409	-141.504	0.294	152.201
[-3.000 3.500 0.000]	0.304	-175.874	0.233	130.916	0.32	45.869	0.256	-29.921
[-2.500 -2.500 0.000]	0.106	2.401	0.136	-17.923	0.174	-2.27	0.174	-70.113
[-2.500 -2.000 0.000]	0.116	-63.589	0.113	-79.085	0.232	-135.039	0.152	-162.082
[-2.500 -1.000 0.000]	0.422	-154.787	0.332	-176.228	0.238	178.281	0.256	144.805
[-2.500 0.000 0.000]	0.657	177.66	0.613	173.927	0.255	122.71	0.282	124.587
[-2.500 1.000 0.000]	0.422	-154.787	0.332	-176.228	0.238	178.282	0.256	144.805
[-2.500 2.000 0.000]	0.116	-63.59	0.113	-79.085	0.232	-135.039	0.152	-162.082
[-2.500 2.500 0.000]	0.106	2.401	0.136	-17.923	0.174	-2.268	0.174	-70.113
[-2.000 -3.500 0.000]	0.152	57.243	0.162	-3.41	0.102	-40.928	0.111	-100.289
[-2.000 -2.500 0.000]	0.128	-71.646	0.08	-102.578	0.176	-129.098	0.076	-129.775
[-2.000 -2.000 0.000]	0.512	-127.739	0.471	-175.539	0.266	108.744	0.295	112.706
[-2.000 2.000 0.000]	0.512	-127.739	0.471	-175.539	0.266	108.743	0.295	112.706
[-2.000 2.500 0.000]	0.128	-71.646	0.08	-102.578	0.176	-129.098	0.076	-129.775
[-2.000 3.500 0.000]	0.152	57.243	0.162	-3.41	0.102	-40.927	0.111	-100.288
[-1.500 -3.500 0.000]	0.11	20.105	0.124	-45.777	0.119	-117.703	0.113	-140.836
[-1.500 -1.500 0.000]	0.211	165.073	0.185	-178.458	0.338	-140.316	0.204	172.652
[-1.500 -1.000 0.000]	0.958	105.659	0.684	88.264	0.435	82.836	0.405	84.108
[-1.500 0.000 0.000]	0.256	91.919	0.235	65.184	0.102	69.651	0.142	78.56
[-1.500 1.000 0.000]	0.958	105.659	0.684	88.264	0.435	82.836	0.405	84.108
[-1.500 1.500 0.000]	0.211	165.073	0.185	-178.458	0.338	-140.315	0.204	172.652
[-1.500 3.500 0.000]	0.11	20.105	0.124	-45.777	0.119	-117.703	0.113	-140.836
[-1.000 -3.500 0.000]	0.016	-32.696	0.017	-77.921	0.057	-91.079	0.031	-158.033
[-1.000 -2.500 0.000]	0.39	-151.254	0.215	-143.461	0.358	-151.767	0.258	169.246
[-1.000 -2.000 0.000]	0.451	147.075	0.364	120.797	0.378	59.468	0.242	58.142
[-1.000 -1.000 0.000]	0.255	58.504	0.11	45.807	0.333	22.385	0.192	6.799
[-1.000 -0.500 0.000]	0.296	34.636	0.205	24.342	0.507	-140.442	0.047	142.628
[-1.000 0.000 0.000]	1	38.52	0.561	49.638	0.933	41.111	0.367	32.872
[-1.000 0.500 0.000]	0.296	34.636	0.205	24.342	0.507	-140.442	0.047	142.628
[-1.000 1.000 0.000]	0.255	58.504	0.11	45.807	0.333	22.385	0.192	6.799
[-1.000 2.000 0.000]	0.451	147.074	0.364	120.797	0.378	59.468	0.242	58.141
[-1.000 2.500 0.000]	0.39	-151.254	0.215	-143.46	0.358	-151.767	0.258	169.246
[-1.000 3.500 0.000]	0.016	-32.696	0.017	-77.921	0.057	-91.079	0.031	-158.033
[-0.500 -3.500 0.000]	0.484	-51.386	0.518	-101.017	0.247	-132.5	0.27	-173.228
[-0.500 -3.000 0.000]	0.052	-123.141	0.034	84.283	0.158	44.909	0.065	2.886
[-0.500 -1.500 0.000]	0.204	97.658	0.148	88.557	0.259	-162.911	0.13	145.294
[-0.500 -1.000 0.000]	0.841	60.073	0.436	62.591	0.421	57.377	0.36	64.578
[-0.500 0.000 0.000]	0.539	31.613	0.436	24.118	0.21	18.658	0.399	34.27
[-0.500 1.000 0.000]	0.841	60.073	0.436	62.591	0.421	57.377	0.36	64.578
[-0.500 1.500 0.000]	0.204	97.658	0.148	88.557	0.259	-162.911	0.13	145.294
[-0.500 3.000 0.000]	0.052	-123.141	0.034	84.282	0.158	44.91	0.065	2.886
[-0.500 3.500 0.000]	0.484	-51.386	0.518	-101.017	0.247	-132.499	0.27	-173.228
[0.000 -3.500 0.000]	0.203	-49.46	0.495	-97.572	0.395	-137.447	0.375	-176.888
[0.000 -3.000 0.000]	0.278	-166.68	0.62	57.925	0.653	26.131	0.686	-7.613
[0.000 -2.500 0.000]	0.262	-135.09	1	-124.384	1	-151.964	1	172.759
[0.000 -2.000 0.000]	0.49	137.239	0.789	83.24	0.828	43.569	0.641	19.876
[0.000 -1.500 0.000]	0.167	80.684	0.027	88.32	0.319	-168.136	0.304	165.2
[0.000 -1.000 0.000]	0.887	31.915	0.448	14.969	0.451	-2.42	0.451	-11.323
[0.000 0.000 0.000]	0.417	26.11	0.347	27.171	0.263	22.793	0.262	24.325
[0.000 1.000 0.000]	0.887	31.915	0.448	14.969	0.451	-2.42	0.451	-11.323
[0.000 1.500 0.000]	0.167	80.684	0.027	88.316	0.319	-168.136	0.304	165.2
[0.000 2.000 0.000]	0.49	137.239	0.789	83.24	0.828	43.57	0.641	19.877
[0.000 2.500 0.000]	0.262	-135.088	1	-124.384	1	-151.964	1	172.759
[0.000 3.000 0.000]	0.278	-166.681	0.62	57.925	0.653	26.13	0.686	-7.613
[0.000 3.500 0.000]	0.203	-49.461	0.495	-97.572	0.395	-137.448	0.375	-176.889
[0.500 -3.500 0.000]	0.484	-51.386	0.518	-101.017	0.247	-132.5	0.27	-173.228
[0.500 -3.000 0.000]	0.052	-123.141	0.034	84.283	0.158	44.909	0.065	2.886
[0.500 -1.500 0.000]	0.204	97.658	0.148	88.557	0.259	-162.911	0.13	145.294
[0.500 -1.000 0.000]	0.841	60.073	0.436	62.591	0.421	57.377	0.36	64.578
[0.500 0.000 0.000]	0.539	31.613	0.436	24.118	0.21	18.657	0.399	34.27
[0.500 1.000 0.000]	0.841	60.073	0.436	62.591	0.421	57.377	0.36	64.578
[0.500 1.500 0.000]	0.204	97.658	0.148	88.557	0.259	-162.912	0.13	145.294
[0.500 3.000 0.000]	0.052	-123.141	0.034	84.282	0.158	44.91	0.065	2.886
[0.500 3.500 0.000]	0.484	-51.386	0.518	-101.017	0.247	-132.499	0.27	-173.228
[1.000 -3.500 0.000]	0.016	-32.696	0.017	-77.921	0.057	-91.08	0.031	-158.033
[1.000 -2.500 0.000]	0.39	-151.254	0.215	-143.461	0.358	-151.768	0.258	169.246
[1.000 -2.000 0.000]	0.451	147.075	0.364	120.797	0.378	59.468	0.242	58.142
[1.000 -1.000 0.000]	0.255	58.504	0.11	45.808	0.333	22.385	0.192	6.799
[1.000 -0.500 0.000]	0.296	34.636	0.205	24.342	0.507	-140.442	0.047	142.628
[1.000 0.000 0.000]	1	38.519	0.561	49.637	0.933	41.111	0.367	32.872
[1.000 0.500 0.000]	0.296	34.636	0.205	24.342	0.507	-140.442	0.047	142.627
[1.000 1.000 0.000]	0.255	58.504	0.11	45.807	0.333	22.385	0.192	6.799
[1.000 2.000 0.000]	0.451	147.074	0.364	120.797	0.378	59.468	0.242	58.141
[1.000 2.500 0.000]	0.39	-151.254	0.215	-143.46	0.358	-151.767	0.258	169.246
[1.000 3.500 0.000]	0.016	-32.696	0.017	-77.921	0.057	-91.079	0.031	-158.033
[1.500 -3.500 0.000]	0.11	20.105	0.124	-45.777	0.119	-117.703	0.113	-140.836
[1.500 -1.500 0.000]	0.211	165.073	0.185	-178.458	0.338	-140.316	0.204	172.652
[1.500 -1.000 0.000]	0.958	105.659	0.684	88.264	0.435	82.836	0.405	84.108
[1.500 0.000 0.000]	0.256	91.919	0.235	65.184	0.102	69.651	0.142	78.559
[1.500 1.000 0.000]	0.958	105.659	0.684	88.264	0.435	82.836	0.405	84.108
[1.500 1.500 0.000]	0.211	165.073	0.185	-178.458	0.338	-140.315	0.204	172.652
[1.500 3.500 0.000]	0.11	20.105	0.124	-45.777	0.119	-117.703	0.113	-140.836
[2.000 -3.500 0.000]	0.152	57.243	0.162	-3.41	0.102	-40.928	0.111	-100.289
[2.000 -2.500 0.000]	0.128	-71.646	0.08	-102.578	0.176	-129.098	0.076	-129.775
[2.000 -2.000 0.000]	0.512	-127.739	0.471	-175.539	0.266	108.744	0.295	112.706
[2.000 2.000 0.000]	0.512	-127.739	0.471	-175.539	0.266	108.743	0.295	112.706
[2.000 2.500 0.000]	0.128	-71.646	0.08	-102.578	0.176	-129.098	0.076	-129.775
[2.000 3.500 0.000]	0.152	57.243	0.162	-3.41	0.102	-40.927	0.111	-100.288
[2.500 -2.500 0.000]	0.106	2.401	0.136	-17.923	0.174	-2.27	0.174	-70.113
[2.500 -2.000 0.000]	0.116	-63.589	0.113	-79.085	0.232	-135.039	0.152	-162.082
[2.500 -1.000 0.000]	0.422	-154.787	0.332	-176.228	0.238	178.281	0.256	144.806
[2.500 0.000 0.000]	0.657	177.66	0.613	173.927	0.255	122.71	0.282	124.587
[2.500 1.000 0.000]	0.422	-154.787	0.332	-176.228	0.238	178.282	0.256	144.805
[2.500 2.000 0.000]	0.116	-63.59	0.113	-79.085	0.232	-135.039	0.152	-162.082
[2.500 2.500 0.000]	0.106	2.401	0.136	-17.923	0.174	-2.268	0.174	-70.113
[3.000 -3.500 0.000]	0.304	-175.874	0.233	130.916	0.32	45.869	0.256	-29.921
[3.000 -3.000 0.000]	0.317	82.027	0.13	-41.156	0.409	-141.504	0.294	152.201
[3.000 -2.500 0.000]	0.065	13.333	0.023	71.729	0.15	72.134	0.122	23.346
[3.000 0.000 0.000]	0.097	-114.008	0.263	-12.769	0.295	-77.447	0.254	-113.315
[3.000 2.500 0.000]	0.065	13.332	0.023	71.729	0.15	72.133	0.122	23.346
[3.000 3.000 0.000]	0.317	82.026	0.13	-41.157	0.409	-141.504	0.294	152.201
[3.000 3.500 0.000]	0.304	-175.874	0.233	130.916	0.32	45.869	0.256	-29.921
[3.500 -3.500 0.000]	0.454	-74.571	0.458	-131.203	0.383	-145.393	0.422	141.411
[3.500 -3.000 0.000]	0.332	147.422	0.446	73.532	0.392	31.411	0.363	-36.906
[3.500 -2.000 0.000]	0.11	25.527	0.085	-30.588	0.146	-73.916	0.086	-122.946
[3.500 -1.000 0.000]	0.228	-33.861	0.255	-89.698	0.166	-139.076	0.182	-176.355
[3.500 0.000 0.000]	0.488	-66.295	0.584	-125.19	0.333	179.46	0.388	154.183
[3.500 1.000 0.000]	0.228	-33.861	0.255	-89.698	0.166	-139.076	0.182	-176.355
[3.500 2.000 0.000]	0.11	25.527	0.085	-30.588	0.146	-73.917	0.086	-122.946
[3.500 3.000 0.000]	0.332	147.422	0.446	73.532	0.392	31.412	0.363	-36.906
[3.500 3.500 0.000]	0.454	-74.57	0.458	-131.203	0.383	-145.393	0.422	141.411
