position	beam1_amplitude	beam1_phase	beam2_amplitude	beam2_phase	beam3_amplitude	beam3_phase	beam4_amplitude	beam4_phase
[-3.500 -2.500 0.000]	0.066	109.192	0.049	-87.174	0.112	116.452	0.092	-45.214
[-3.500 -1.500 0.000]	0.562	40.467	0.717	151.376	0.399	-65.691	0.393	122.007
[-3.500 -1.000 0.000]	0.447	-47.696	0.597	32.647	0.286	152.447	0.476	-34.602
[-3.500 0.000 0.000]	0.319	-58.87	0.291	-15.315	0.248	86.216	0.277	-153.165
[-3.500 0.500 0.000]	0.417	-59.975	0.401	-71.935	0.266	-43.937	0.271	65.1
[-3.500 1.500 0.000]	0.218	-7.381	0.331	-55.232	0.138	-44.806	0.304	-16.356
[-3.500 2.000 0.000]	0.112	54.111	0.107	-35.155	0.209	-106.009	0.075	170.924
[-3.500 2.500 0.000]	0.177	97.629	0.274	3.573	0.205	15.82	0.435	-67.021
[-3.500 3.000 0.000]	0.365	171.102	0.324	5.685	0.409	-95.442	0.343	166.56
[-3.500 3.500 0.000]	0.132	-71.437	0.192	-169.104	0.276	87.325	0.354	-31.708
[-3.000 -3.000 0.000]	0.246	123.374	0.282	-73.151	0.272	131.391	0.207	-2.967
[-3.000 -2.500 0.000]	0.458	41.603	0.421	-178.721	0.24	-51.929	0.247	178.148
[-3.000 -1.000 0.000]	0.006	-89.539	0.006	4.927	0.022	102.535	0.051	-111.963
[-3.000 3.000 0.000]	0.235	93.396	0.107	-58.836	0.313	91.828	0.251	34.409
[-3.000 3.500 0.000]	0.062	-124.144	0.053	69.062	0.164	-81.783	0.088	150.669
[-2.500 -3.500 0.000]	0.374	129.803	0.373	-32.907	0.29	-145.984	0.339	85.01
[-2.500 -3.000 0.000]	0.134	41.385	0.248	-142.363	0.16	34.178	0.32	-88.924
[-2.500 -2.000 0.000]	0.199	-82.57	0.148	55.439	0.067	-116.219	0.189	67.751
[-2.500 1.000 0.000]	0.551	-141.759	0.55	-161.71	0.266	-129.413	0.285	-52.711
[-2.500 2.500 0.000]	0.183	13.385	0.208	-83.495	0.176	-113.394	0.198	-142.172
[-2.500 3.500 0.000]	0.168	143.53	0.264	-12.044	0.159	-88.79	0.265	-142.028
[-2.000 -1.500 0.000]	0.227	-146.096	0.126	-54.319	0.136	140.149	0.12	-60.518
[-2.000 0.000 0.000]	0.881	127.485	0.892	161.014	0.295	-102.543	0.179	13.936
[-2.000 1.500 0.000]	0.357	178.641	0.399	115.674	0.203	113.997	0.221	152.479
[-2.000 2.500 0.000]	0.238	-60.568	0.225	161.757	0.215	101.51	0.211	120.126
[-2.000 3.500 0.000]	0.219	47.905	0.288	-107.644	0.188	138.848	0.219	67.669
[-1.500 -3.500 0.000]	0.391	4.016	0.452	-122.907	0.273	142.009	0.388	46.763
[-1.500 -3.000 0.000]	0.2	-72.3	0.285	106.193	0.304	-10.452	0.385	-136.412
[-1.500 -2.500 0.000]	0.342	-109.336	0.215	26.118	0.217	-166.937	0.273	61.728
[-1.500 -1.000 0.000]	0.737	104.011	0.646	-160.514	0.258	-57.58	0.235	166.818
[-1.500 0.500 0.000]	0.459	82.576	0.504	81.378	0.23	124.429	0.323	-86.498
[-1.500 1.000 0.000]	0.193	96.307	0.144	66.917	0.098	114.787	0.221	-169.914
[-1.500 2.000 0.000]	0.194	-154.717	0.18	111.822	0.075	95.473	0.264	121.745
[-1.500 3.500 0.000]	0.004	24.615	0.006	-148.858	0.034	83.006	0.027	103.752
[-1.000 -0.500 0.000]	0.58	62.349	0.45	122.504	0.062	-8.791	0.41	21.58
[-1.000 0.000 0.000]	0.482	53.036	0.441	86.253	0.348	-171.422	0.269	-118.045
[-1.000 1.500 0.000]	0.832	104.135	0.871	48.809	0.347	51.162	0.422	116.232
[-1.000 2.500 0.000]	0.228	-143.792	0.348	121.37	0.378	41.98	0.39	11.106
[-1.000 3.000 0.000]	0.066	-79.876	0.031	22.218	0.199	-152.736	0.278	119.347
[-1.000 3.500 0.000]	0.424	-10.829	0.534	-177.167	0.296	70.065	0.297	-1.168
[-0.500 -3.500 0.000]	0.8	-35.181	0.846	-170.129	0.466	95.032	0.452	3.18
[-0.500 -3.000 0.000]	0.194	140.704	0.391	14.855	0.529	-94.121	0.512	-173.401
[-0.500 -2.500 0.000]	0.215	-71.999	0.069	82.317	0.472	72.831	0.344	4.672
[-0.500 -2.000 0.000]	0.513	134.789	0.286	-55.897	0.466	-132.848	0.21	174.278
[-0.500 -1.500 0.000]	0.653	89.081	0.676	-140.206	0.602	44.635	0.219	-56.211
[-0.500 -1.000 0.000]	0.402	19.593	0.477	110.979	0.462	-105.732	0.399	152.618
[-0.500 -0.500 0.000]	0.33	29.131	0.23	49.241	0.168	142.587	0.351	-10.72
[-0.500 0.500 0.000]	0.5	30.528	0.643	20.603	0.445	69.829	0.277	-115.926
[-0.500 1.000 0.000]	0.112	31.729	0.103	20.842	0.033	38.105	0.318	126.091
[-0.500 2.000 0.000]	0.189	157.604	0.134	60.16	0.132	7.135	0.293	59.867
[-0.500 3.500 0.000]	0.198	-42.979	0.257	152.087	0.18	-1.23	0.218	-35.986
[0.000 -1.000 0.000]	0.159	50.135	0.081	116.492	0.108	-104.503	0.237	79.936
[0.000 0.000 0.000]	0.517	12.341	0.366	63.648	0.154	163.512	0.311	-104.572
[0.000 1.000 0.000]	0.598	64.201	0.449	30.663	0.164	160.875	0.717	139.596
[0.000 1.500 0.000]	0.226	36.905	0.061	-62.418	0.79	26.473	0.635	-25.802
[0.000 2.000 0.000]	1	135.775	0.691	27.089	0.693	-151.851	0.831	135.622
[0.000 2.500 0.000]	0.645	-31.341	0.858	111.051	1	23.447	1	-30.608
[0.000 3.000 0.000]	0.494	169.631	0.784	-52.646	0.551	-178.149	0.704	99.674
[0.000 3.500 0.000]	0.794	-34.741	1	155.841	0.419	25.871	0.421	-52.057
[0.500 -3.500 0.000]	0.807	-35.844	0.853	-170.737	0.453	94.565	0.444	2.35
[0.500 -3.000 0.000]	0.155	144.059	0.374	19.275	0.49	-96.992	0.486	-173.934
[0.500 -2.500 0.000]	0.159	-86.515	0.057	47.243	0.372	71.477	0.298	6.153
[0.500 -2.000 0.000]	0.407	136.142	0.226	-58.14	0.374	-135.376	0.156	179.907
[0.500 -1.500 0.000]	0.669	88.201	0.632	-140.269	0.522	43.482	0.168	-63.27
[0.500 -1.000 0.000]	0.386	20.622	0.451	114.936	0.42	-102.188	0.363	154.569
[0.500 -0.500 0.000]	0.327	29.33	0.229	52.681	0.17	147.44	0.343	-8.349
[0.500 0.500 0.000]	0.524	30.3	0.67	20.719	0.455	69.392	0.275	-115.108
[0.500 1.000 0.000]	0.114	35.658	0.11	20.881	0.023	44.736	0.321	126.369
[0.500 2.000 0.000]	0.19	159.707	0.136	60.884	0.141	5.532	0.291	59.837
[0.500 3.500 0.000]	0.179	-46.4	0.243	151.334	0.178	-1.364	0.221	-34.998
[1.000 -0.500 0.000]	0.597	62.602	0.465	123.511	0.063	-14.811	0.413	21.371
[1.000 0.000 0.000]	0.464	52.856	0.428	85.408	0.339	-172.67	0.267	-118.429
[1.000 1.500 0.000]	0.835	104.717	0.878	49.055	0.344	51.962	0.421	116.55
[1.000 2.500 0.000]	0.239	-145.31	0.345	119.759	0.379	41.567	0.392	11.022
[1.000 3.000 0.000]	0.065	-76.196	0.032	24.646	0.195	-156.044	0.273	118.746
[1.000 3.500 0.000]	0.419	-10.537	0.52	-177.219	0.285	68.264	0.29	-1.283
[1.500 -3.500 0.000]	0.398	6.426	0.459	-120.922	0.268	144.621	0.393	46.226
[1.500 -3.000 0.000]	0.202	-73.621	0.291	106.278	0.32	-6.196	0.389	-137.212
[1.500 -2.500 0.000]	0.354	-111.174	0.233	24.914	0.237	-170.325	0.27	60.583
[1.500 -1.000 0.000]	0.704	103.721	0.624	-161.049	0.255	-59.328	0.232	167.307
[1.500 0.500 0.000]	0.475	83.179	0.51	81.428	0.23	126.329	0.322	-87.3
[1.500 1.000 0.000]	0.191	96.433	0.141	67.763	0.1	109.856	0.218	-168.774
[1.500 2.000 0.000]	0.195	-154.414	0.18	112.732	0.07	99.533	0.265	121.25
[1.500 3.500 0.000]	0.005	27.195	0.007	-147.846	0.039	83.519	0.027	99.864
[2.000 -1.500 0.000]	0.24	-144.621	0.133	-53.534	0.145	138.329	0.125	-60.449
[2.000 0.000 0.000]	0.883	126.538	0.891	161.335	0.294	-101.682	0.184	14.364
[2.000 1.500 0.000]	0.365	178.706	0.398	116.772	0.201	113.236	0.221	151.805
[2.000 2.500 0.000]	0.232	-58.422	0.223	160.534	0.213	101.508	0.209	120.479
[2.000 3.500 0.000]	0.219	46.16	0.292	-109.107	0.19	140.796	0.221	67.9
[2.500 -3.500 0.000]	0.383	129.496	0.386	-33.416	0.299	-145.787	0.342	84.811
[2.500 -3.000 0.000]	0.138	38.205	0.253	-142.703	0.163	29.661	0.321	-88.77
[2.500 -2.000 0.000]	0.189	-82.653	0.141	56.58	0.055	-106.579	0.189	67.336
[2.500 1.000 0.000]	0.548	-141.151	0.548	-162.416	0.266	-129.995	0.28	-52.496
[2.500 2.500 0.000]	0.186	12.455	0.213	-83.014	0.18	-112.67	0.2	-142.237
[2.500 3.500 0.000]	0.16	145.081	0.253	-11.431	0.154	-89.723	0.261	-141.766
[3.000 -3.000 0.000]	0.253	124.067	0.279	-73.697	0.278	131.021	0.2	-3.648
[3.000 -2.500 0.000]	0.461	41.484	0.422	-178.761	0.246	-52.381	0.241	-179.885
[3.000 -1.000 0.000]	0.008	-88.567	0.009	3.631	0.03	100.407	0.063	-112.774
[3.000 3.000 0.000]	0.222	94.73	0.107	-59.574	0.304	91.4	0.256	35.47
[3.000 3.500 0.000]	0.058	-130.336	0.052	68.365	0.157	-82.994	0.09	152.218
[3.500 -2.500 0.000]	0.065	109.929	0.047	-87.67	0.108	118.813	0.09	-48.249
[3.500 -1.500 0.000]	0.586	40.193	0.734	151.51	0.405	-64.149	0.393	122.44
[3.500 -1.000 0.000]	0.452	-47.813	0.605	32.113	0.292	152.17	0.473	-34.335
[3.500 0.000 0.000]	0.307	-57.606	0.292	-15.217	0.243	85.644	0.284	-151.943
[3.500 0.500 0.000]	0.414	-60.623	0.394	-72.286	0.262	-43.262	0.277	65.314
[3.500 1.500 0.000]	0.217	-8.845	0.332	-55.524	0.141	-43.526	0.306	-15.691
[3.500 2.000 0.000]	0.118	51.952	0.113	-35.126	0.213	-105.48	0.082	176.511
[3.500 2.500 0.000]	0.166	96.601	0.268	2.983	0.193	14.896	0.428	-66.745
[3.500 3.000 0.000]	0.368	170.61	0.31	5.726	0.394	-95.257	0.332	168.388
[3.500 3.500 0.000]	0.131	-70.889	0.193	-170.639	0.266	86.932	0.348	-31.55
