position	amplitude	phase
[-2.500 -4.000 0.000]	0.166	127.015
[-1.500 -4.000 0.000]	0.16	107.34
[-0.500 -4.000 0.000]	0.202	156.591
[0.500 -4.000 0.000]	0.206	160.273
[1.500 -4.000 0.000]	0.169	98.668
[2.500 -4.000 0.000]	0.145	120.926
[-0.500 -3.500 0.000]	0.191	74.213
[0.500 -3.500 0.000]	0.198	74.964
[-2.000 -2.500 0.000]	0.144	50.74
[-1.500 -2.500 0.000]	0.262	32.308
[-1.000 -2.500 0.000]	0.302	75.06
[-0.500 -2.500 0.000]	0.319	71.642
[0.000 -2.500 0.000]	0.423	99.314
[0.500 -2.500 0.000]	0.325	76.442
[1.000 -2.500 0.000]	0.246	74.048
[1.500 -2.500 0.000]	0.338	30.991
[-4.000 -2.000 0.000]	0.172	111.434
[-2.500 -2.000 0.000]	0.232	49.057
[-2.000 -2.000 0.000]	0.243	39.053
[0.000 -2.000 0.000]	0.22	20.389
[2.000 -2.000 0.000]	0.349	36.041
[2.500 -2.000 0.000]	0.299	39.752
[4.000 -2.000 0.000]	0.177	118.005
[-2.500 -1.500 0.000]	0.125	-3.519
[-1.500 -1.500 0.000]	0.346	25.932
[-1.000 -1.500 0.000]	0.445	44.015
[-0.500 -1.500 0.000]	0.559	69.885
[0.000 -1.500 0.000]	0.692	65.435
[0.500 -1.500 0.000]	0.503	73.754
[1.000 -1.500 0.000]	0.566	41.396
[1.500 -1.500 0.000]	0.265	21.16
[-3.000 -1.000 0.000]	0.158	42.113
[-2.000 -1.000 0.000]	0.476	49.354
[2.000 -1.000 0.000]	0.568	49.273
[3.000 -1.000 0.000]	0.195	63.086
[-4.000 -0.500 0.000]	0.279	136.244
[-2.500 -0.500 0.000]	0.328	81.569
[-1.500 -0.500 0.000]	0.537	56.38
[-1.000 -0.500 0.000]	0.633	76.456
[-0.500 -0.500 0.000]	0.577	65.67
[0.000 -0.500 0.000]	1	94.128
[0.500 -0.500 0.000]	0.631	67.248
[1.000 -0.500 0.000]	0.623	80.869
[1.500 -0.500 0.000]	0.582	53.581
[3.000 -0.500 0.000]	0.124	98.158
[4.000 -0.500 0.000]	0.216	114.805
[-3.000 0.000 0.000]	0.303	89.904
[-2.000 0.000 0.000]	0.667	67.377
[-0.500 0.000 0.000]	0.585	117.013
[0.500 0.000 0.000]	0.51	123.654
[2.000 0.000 0.000]	0.551	78.876
[2.500 0.000 0.000]	0.591	71.19
[4.000 0.000 0.000]	0.222	171.192
[-4.000 0.500 0.000]	0.279	136.244
[-2.500 0.500 0.000]	0.328	81.569
[-1.500 0.500 0.000]	0.537	56.38
[-1.000 0.500 0.000]	0.633	76.456
[-0.500 0.500 0.000]	0.577	65.67
[0.000 0.500 0.000]	1	94.128
[0.500 0.500 0.000]	0.631	67.248
[1.000 0.500 0.000]	0.623	80.869
[1.500 0.500 0.000]	0.582	53.581
[3.000 0.500 0.000]	0.124	98.158
[4.000 0.500 0.000]	0.216	114.805
[-3.000 1.000 0.000]	0.158	42.113
[-2.000 1.000 0.000]	0.476	49.354
[2.000 1.000 0.000]	0.568	49.273
[3.000 1.000 0.000]	0.195	63.086
[-2.500 1.500 0.000]	0.125	-3.519
[-1.500 1.500 0.000]	0.346	25.932
[-1.000 1.500 0.000]	0.445	44.015
[-0.500 1.500 0.000]	0.559	69.885
[0.000 1.500 0.000]	0.692	65.435
[0.500 1.500 0.000]	0.503	73.754
[1.000 1.500 0.000]	0.566	41.396
[1.500 1.500 0.000]	0.265	21.16
[-4.000 2.000 0.000]	0.172	111.434
[-2.500 2.000 0.000]	0.232	49.057
[-2.000 2.000 0.000]	0.243	39.053
[0.000 2.000 0.000]	0.22	20.389
[2.000 2.000 0.000]	0.349	36.041
[2.500 2.000 0.000]	0.299	39.752
[4.000 2.000 0.000]	0.177	118.005
[-2.000 2.500 0.000]	0.144	50.74
[-1.500 2.500 0.000]	0.262	32.308
[-1.000 2.500 0.000]	0.302	75.06
[-0.500 2.500 0.000]	0.319	71.642
[0.000 2.500 0.000]	0.423	99.314
[0.500 2.500 0.000]	0.325	76.442
[1.000 2.500 0.000]	0.246	74.048
[1.500 2.500 0.000]	0.338	30.991
[-0.500 3.500 0.000]	0.191	74.213
[0.500 3.500 0.000]	0.198	74.964
[-2.500 4.000 0.000]	0.166	127.015
[-1.500 4.000 0.000]	0.16	107.34
[-0.500 4.000 0.000]	0.202	156.591
[0.500 4.000 0.000]	0.206	160.273
[1.500 4.000 0.000]	0.169	98.668
[2.500 4.000 0.000]	0.145	120.926
