position	beam1_amplitude	beam1_phase	beam2_amplitude	beam2_phase	beam3_amplitude	beam3_phase	beam4_amplitude	beam4_phase	beam5_amplitude	beam5_phase	beam6_amplitude	beam6_phase
[-3.500 -3.500 0.000]	0.231	-79.535	0.479	-124.737	0.397	-141.455	0.519	139.717	0.53	83.451	0.579	42.519
[-3.500 -3.000 0.000]	0.241	144.059	0.443	76.904	0.43	36.793	0.413	-40.288	0.381	-94.293	0.443	-134.507
[-3.500 -2.000 0.000]	0.071	33.634	0.086	-29.293	0.171	-71.903	0.108	-119.852	0.113	-151.916	0.122	-173.206
[-3.500 -1.000 0.000]	0.223	-31.587	0.348	-94.798	0.196	-134.541	0.255	178.629	0.299	157.344	0.357	138.726
[-3.500 0.000 0.000]	0.466	-55.105	0.675	-126.613	0.399	173.387	0.448	157.646	0.594	137.535	0.701	117.579
[-3.500 1.000 0.000]	0.223	-31.586	0.348	-94.798	0.196	-134.54	0.255	178.629	0.299	157.344	0.357	138.727
[-3.500 2.000 0.000]	0.071	33.635	0.086	-29.294	0.171	-71.902	0.108	-119.853	0.113	-151.916	0.122	-173.206
[-3.500 3.000 0.000]	0.241	144.059	0.443	76.904	0.43	36.792	0.413	-40.289	0.381	-94.294	0.443	-134.507
[-3.500 3.500 0.000]	0.231	-79.536	0.479	-124.737	0.397	-141.456	0.519	139.717	0.53	83.451	0.579	42.519
[-3.000 -3.500 0.000]	0.14	-163.767	0.21	132.194	0.374	52.601	0.27	-28.133	0.208	-84.588	0.263	-115.771
[-3.000 -3.000 0.000]	0.193	92.777	0.14	-30.653	0.488	-136.553	0.326	158.816	0.267	123.482	0.33	91.277
[-3.000 -2.500 0.000]	0.032	22.527	0.023	86.036	0.181	79.237	0.144	28.691	0.111	-7.412	0.107	-43.193
[-3.000 0.000 0.000]	0.133	-114.634	0.295	-42.844	0.377	-80.509	0.358	-115.984	0.42	-137.081	0.516	-157.303
[-3.000 2.500 0.000]	0.032	22.525	0.023	86.033	0.181	79.237	0.144	28.691	0.111	-7.411	0.107	-43.192
[-3.000 3.000 0.000]	0.193	92.777	0.14	-30.652	0.488	-136.554	0.326	158.817	0.267	123.483	0.33	91.278
[-3.000 3.500 0.000]	0.14	-163.767	0.21	132.195	0.374	52.6	0.27	-28.132	0.208	-84.588	0.263	-115.771
[-2.500 -2.500 0.000]	0.073	-5.392	0.122	-36.019	0.218	13.971	0.205	-48.201	0.169	-84.865	0.195	-107.211
[-2.500 -2.000 0.000]	0.17	-82.784	0.188	-107.323	0.345	-135.796	0.282	-176.111	0.298	159.127	0.341	140.015
[-2.500 -1.000 0.000]	0.332	-159.671	0.293	179.541	0.241	178.784	0.318	150.147	0.365	134.638	0.422	119.374
[-2.500 0.000 0.000]	0.496	-178.317	0.757	178.034	0.303	121.596	0.318	117.946	0.424	111.751	0.526	101.412
[-2.500 1.000 0.000]	0.332	-159.671	0.293	179.54	0.241	178.783	0.318	150.146	0.365	134.638	0.422	119.374
[-2.500 2.000 0.000]	0.17	-82.783	0.188	-107.322	0.345	-135.796	0.282	-176.111	0.298	159.127	0.341	140.015
[-2.500 2.500 0.000]	0.073	-5.391	0.122	-36.019	0.218	13.969	0.205	-48.203	0.169	-84.865	0.195	-107.212
[-2.000 -3.500 0.000]	0.132	62.115	0.24	0.446	0.128	-36.468	0.158	-101.581	0.181	-124.086	0.21	-149.087
[-2.000 -2.500 0.000]	0.152	-69.716	0.157	-103.484	0.305	-135.229	0.146	-151.48	0.154	-163.381	0.214	177.968
[-2.000 -2.000 0.000]	0.238	-121.903	0.352	-170.826	0.267	84.655	0.26	111.052	0.271	105.207	0.298	88.461
[-2.000 2.000 0.000]	0.238	-121.902	0.352	-170.826	0.267	84.656	0.26	111.053	0.271	105.207	0.298	88.462
[-2.000 2.500 0.000]	0.152	-69.716	0.157	-103.484	0.305	-135.228	0.146	-151.481	0.154	-163.381	0.214	177.968
[-2.000 3.500 0.000]	0.132	62.115	0.24	0.446	0.128	-36.466	0.158	-101.582	0.181	-124.086	0.21	-149.087
[-1.500 -3.500 0.000]	0.102	4.705	0.17	-54.947	0.133	-130.948	0.151	-148.837	0.205	-163.396	0.232	170.094
[-1.500 -1.500 0.000]	0.122	-177.327	0.175	-169.34	0.39	-143.854	0.288	177.848	0.212	147.759	0.22	126.368
[-1.500 -1.000 0.000]	1	101.563	0.981	89.804	0.519	80.158	0.571	79.667	0.723	78.067	0.906	74.517
[-1.500 0.000 0.000]	0.056	89.842	0.062	65.593	0.084	79.921	0.108	76.464	0.062	73.395	0.056	81.876
[-1.500 1.000 0.000]	1	101.563	0.981	89.804	0.519	80.158	0.571	79.667	0.723	78.067	0.906	74.516
[-1.500 1.500 0.000]	0.122	-177.326	0.175	-169.339	0.39	-143.853	0.288	177.848	0.212	147.759	0.22	126.368
[-1.500 3.500 0.000]	0.102	4.705	0.17	-54.947	0.133	-130.95	0.151	-148.835	0.205	-163.396	0.232	170.093
[-1.000 -3.500 0.000]	0.005	-32.166	0.007	-71.596	0.051	-89.725	0.018	-154.093	0.014	177.269	0.015	145.126
[-1.000 -2.500 0.000]	0.305	-141.099	0.274	-131.453	0.461	-144.247	0.475	179.723	0.476	153.007	0.479	137.811
[-1.000 -2.000 0.000]	0.322	143.301	0.504	115.808	0.537	62.031	0.438	43.406	0.36	41.004	0.371	47.567
[-1.000 -1.000 0.000]	0.027	46.458	0.037	31.507	0.203	6.949	0.092	-9.492	0.046	11.215	0.039	10.784
[-1.000 -0.500 0.000]	0.068	34.88	0.087	21.028	0.355	-139.684	0.027	-118.929	0.07	1.952	0.062	29.531
[-1.000 0.000 0.000]	0.85	42.939	0.786	40.803	0.841	38.458	0.525	38.078	0.535	41.605	0.736	37.622
[-1.000 0.500 0.000]	0.068	34.879	0.087	21.028	0.355	-139.685	0.027	-118.934	0.07	1.953	0.062	29.532
[-1.000 1.000 0.000]	0.027	46.457	0.037	31.507	0.203	6.949	0.092	-9.49	0.046	11.215	0.039	10.783
[-1.000 2.000 0.000]	0.322	143.3	0.504	115.808	0.537	62.032	0.438	43.407	0.36	41.005	0.371	47.568
[-1.000 2.500 0.000]	0.305	-141.099	0.274	-131.454	0.461	-144.247	0.475	179.723	0.476	153.007	0.479	137.811
[-1.000 3.500 0.000]	0.005	-32.167	0.007	-71.597	0.051	-89.726	0.018	-154.093	0.014	177.269	0.015	145.125
[-0.500 -3.500 0.000]	0.529	-49.213	0.807	-100.872	0.413	-130.288	0.512	-168.87	0.622	158.149	0.714	134.859
[-0.500 -3.000 0.000]	0.084	-128.039	0.23	58.678	0.34	39.826	0.31	2.715	0.291	-36.531	0.232	-65.444
[-0.500 -1.500 0.000]	0.286	104.933	0.266	104.961	0.477	-162.834	0.324	164.022	0.333	140.438	0.338	129.35
[-0.500 -1.000 0.000]	0.766	55.3	0.485	64.332	0.71	44.639	0.602	46.849	0.649	44.901	0.778	42.381
[-0.500 -0.500 0.000]	0.023	25.876	0.026	35.566	0.19	-163.949	0.058	142.867	0.032	37.057	0.054	37.664
[-0.500 0.000 0.000]	0.418	28.269	0.465	23.318	0.428	17.596	0.496	27.915	0.728	40.15	0.922	44.826
[-0.500 0.500 0.000]	0.023	25.875	0.026	35.565	0.19	-163.948	0.058	142.869	0.032	37.058	0.054	37.665
[-0.500 1.000 0.000]	0.766	55.301	0.485	64.333	0.71	44.639	0.602	46.85	0.649	44.901	0.778	42.381
[-0.500 1.500 0.000]	0.286	104.933	0.266	104.961	0.477	-162.834	0.324	164.023	0.333	140.437	0.338	129.35
[-0.500 3.000 0.000]	0.084	-128.037	0.23	58.678	0.34	39.825	0.31	2.717	0.291	-36.53	0.232	-65.445
[-0.500 3.500 0.000]	0.529	-49.213	0.807	-100.872	0.413	-130.288	0.512	-168.87	0.622	158.149	0.714	134.859
[0.000 -3.500 0.000]	0.031	-55.405	0.121	-93.794	0.235	-137.6	0.146	169.79	0.163	141.039	0.185	121.842
[0.000 -3.000 0.000]	0.115	-156.29	0.292	50.343	0.446	19.993	0.427	-5.659	0.436	-29.417	0.442	-49.079
[0.000 -2.500 0.000]	0.291	-173.544	1	-132.688	1	-154.506	1	173.807	1	150.355	1	130.945
[0.000 -2.000 0.000]	0.481	123.443	0.773	74.417	0.778	41.687	0.621	34.199	0.615	29.52	0.616	31.37
[0.000 -1.000 0.000]	0.22	43.107	0.515	13.209	0.296	-18.179	0.334	-19.685	0.291	0.158	0.294	18.284
[0.000 0.000 0.000]	0.327	29.903	0.412	18.149	0.352	33.892	0.347	32.434	0.313	31.822	0.382	43.805
[0.000 1.000 0.000]	0.22	43.107	0.515	13.209	0.296	-18.18	0.334	-19.685	0.291	0.158	0.294	18.285
[0.000 2.000 0.000]	0.481	123.442	0.773	74.417	0.778	41.686	0.621	34.199	0.615	29.519	0.616	31.369
[0.000 2.500 0.000]	0.291	-173.544	1	-132.688	1	-154.506	1	173.806	1	150.355	1	130.945
[0.000 3.000 0.000]	0.115	-156.29	0.292	50.344	0.446	19.996	0.427	-5.66	0.436	-29.419	0.442	-49.081
[0.000 3.500 0.000]	0.031	-55.401	0.122	-93.795	0.235	-137.597	0.146	169.791	0.163	141.04	0.185	121.843
[0.500 -3.500 0.000]	0.529	-49.208	0.807	-100.873	0.414	-130.283	0.512	-168.872	0.622	158.149	0.714	134.858
[0.500 -3.000 0.000]	0.084	-128.034	0.23	58.672	0.34	39.826	0.31	2.712	0.291	-36.532	0.232	-65.446
[0.500 -1.500 0.000]	0.286	104.938	0.266	104.964	0.477	-162.823	0.324	164.025	0.333	140.439	0.338	129.355
[0.500 -1.000 0.000]	0.766	55.3	0.485	64.332	0.711	44.618	0.602	46.827	0.649	44.901	0.778	42.381
[0.500 -0.500 0.000]	0.023	25.873	0.026	35.566	0.191	-163.948	0.058	142.872	0.033	37.063	0.054	37.666
[0.500 0.000 0.000]	0.418	28.271	0.465	23.318	0.429	17.588	0.496	27.879	0.728	40.151	0.922	44.828
[0.500 0.500 0.000]	0.023	25.873	0.026	35.565	0.191	-163.947	0.058	142.875	0.033	37.064	0.054	37.666
[0.500 1.000 0.000]	0.766	55.3	0.485	64.332	0.71	44.619	0.602	46.828	0.649	44.901	0.778	42.381
[0.500 1.500 0.000]	0.286	104.937	0.266	104.964	0.477	-162.823	0.324	164.025	0.333	140.439	0.338	129.355
[0.500 3.000 0.000]	0.084	-128.033	0.23	58.672	0.34	39.825	0.31	2.714	0.291	-36.532	0.232	-65.447
[0.500 3.500 0.000]	0.529	-49.209	0.807	-100.873	0.413	-130.284	0.512	-168.871	0.622	158.149	0.714	134.858
[1.000 -3.500 0.000]	0.005	-32.171	0.007	-71.602	0.051	-89.725	0.018	-154.092	0.014	177.268	0.015	145.126
[1.000 -2.500 0.000]	0.305	-141.106	0.274	-131.452	0.461	-144.243	0.475	179.723	0.476	153.008	0.479	137.809
[1.000 -2.000 0.000]	0.322	143.296	0.504	115.805	0.537	62.028	0.438	43.404	0.36	41.006	0.371	47.567
[1.000 -1.000 0.000]	0.027	46.456	0.037	31.497	0.203	6.925	0.092	-9.494	0.046	11.208	0.039	10.789
[1.000 -0.500 0.000]	0.068	34.88	0.087	21.027	0.354	-139.669	0.027	-118.834	0.07	1.954	0.062	29.534
[1.000 0.000 0.000]	0.85	42.938	0.786	40.8	0.841	38.465	0.525	38.079	0.535	41.601	0.736	37.624
[1.000 0.500 0.000]	0.068	34.879	0.087	21.027	0.354	-139.67	0.027	-118.84	0.07	1.955	0.062	29.535
[1.000 1.000 0.000]	0.027	46.455	0.037	31.498	0.203	6.925	0.092	-9.492	0.046	11.207	0.039	10.788
[1.000 2.000 0.000]	0.322	143.296	0.504	115.805	0.537	62.029	0.438	43.405	0.36	41.006	0.371	47.568
[1.000 2.500 0.000]	0.305	-141.106	0.274	-131.453	0.461	-144.244	0.475	179.723	0.476	153.008	0.479	137.809
[1.000 3.500 0.000]	0.005	-32.172	0.007	-71.603	0.051	-89.726	0.018	-154.092	0.014	177.268	0.015	145.126
[1.500 -3.500 0.000]	0.102	4.705	0.17	-54.948	0.133	-130.95	0.151	-148.837	0.205	-163.398	0.232	170.094
[1.500 -1.500 0.000]	0.122	-177.321	0.175	-169.337	0.39	-143.858	0.288	177.845	0.212	147.764	0.22	126.374
[1.500 -1.000 0.000]	1	101.563	0.981	89.804	0.519	80.158	0.571	79.667	0.723	78.067	0.906	74.517
[1.500 0.000 0.000]	0.056	89.84	0.062	65.595	0.084	79.921	0.108	76.465	0.062	73.395	0.056	81.868
[1.500 1.000 0.000]	1	101.564	0.981	89.804	0.519	80.158	0.571	79.668	0.723	78.068	0.906	74.517
[1.500 1.500 0.000]	0.122	-177.32	0.175	-169.337	0.39	-143.857	0.288	177.845	0.212	147.763	0.22	126.373
[1.500 3.500 0.000]	0.102	4.705	0.17	-54.948	0.133	-130.952	0.151	-148.835	0.205	-163.398	0.232	170.093
[2.000 -3.500 0.000]	0.132	62.116	0.24	0.448	0.128	-36.465	0.158	-101.578	0.181	-124.085	0.21	-149.089
[2.000 -2.500 0.000]	0.152	-69.717	0.157	-103.479	0.305	-135.233	0.146	-151.483	0.154	-163.378	0.214	177.969
[2.000 -2.000 0.000]	0.238	-121.904	0.352	-170.828	0.267	84.653	0.26	111.052	0.271	105.208	0.298	88.462
[2.000 2.000 0.000]	0.238	-121.904	0.352	-170.828	0.267	84.656	0.26	111.052	0.271	105.208	0.298	88.462
[2.000 2.500 0.000]	0.152	-69.716	0.157	-103.479	0.305	-135.232	0.146	-151.483	0.154	-163.377	0.214	177.968
[2.000 3.500 0.000]	0.132	62.115	0.24	0.448	0.128	-36.463	0.158	-101.58	0.181	-124.086	0.21	-149.089
[2.500 -2.500 0.000]	0.073	-5.389	0.122	-36.024	0.218	13.971	0.205	-48.197	0.169	-84.858	0.195	-107.207
[2.500 -2.000 0.000]	0.17	-82.781	0.188	-107.327	0.345	-135.798	0.282	-176.11	0.298	159.126	0.341	140.012
[2.500 -1.000 0.000]	0.332	-159.67	0.293	179.538	0.241	178.78	0.318	150.144	0.365	134.64	0.422	119.374
[2.500 0.000 0.000]	0.496	-178.316	0.757	178.035	0.303	121.603	0.318	117.953	0.424	111.754	0.526	101.417
[2.500 1.000 0.000]	0.332	-159.67	0.293	179.537	0.241	178.779	0.318	150.143	0.365	134.639	0.422	119.374
[2.500 2.000 0.000]	0.17	-82.78	0.188	-107.326	0.345	-135.798	0.282	-176.11	0.298	159.126	0.341	140.013
[2.500 2.500 0.000]	0.073	-5.388	0.122	-36.025	0.218	13.968	0.205	-48.198	0.169	-84.859	0.195	-107.207
[3.000 -3.500 0.000]	0.14	-163.765	0.21	132.196	0.374	52.6	0.27	-28.135	0.208	-84.58	0.263	-115.768
[3.000 -3.000 0.000]	0.193	92.781	0.14	-30.643	0.488	-136.555	0.326	158.816	0.267	123.485	0.33	91.277
[3.000 -2.500 0.000]	0.032	22.539	0.023	86.021	0.181	79.233	0.144	28.691	0.111	-7.416	0.107	-43.193
[3.000 0.000 0.000]	0.133	-114.624	0.295	-42.843	0.377	-80.508	0.358	-115.983	0.42	-137.084	0.516	-157.303
[3.000 2.500 0.000]	0.032	22.536	0.023	86.018	0.181	79.233	0.144	28.691	0.111	-7.415	0.107	-43.192
[3.000 3.000 0.000]	0.193	92.78	0.14	-30.643	0.488	-136.556	0.326	158.817	0.267	123.487	0.33	91.277
[3.000 3.500 0.000]	0.14	-163.766	0.21	132.197	0.374	52.599	0.27	-28.133	0.208	-84.58	0.263	-115.768
[3.500 -3.500 0.000]	0.231	-79.536	0.479	-124.736	0.397	-141.455	0.519	139.716	0.53	83.454	0.579	42.519
[3.500 -3.000 0.000]	0.241	144.059	0.443	76.901	0.43	36.792	0.413	-40.29	0.381	-94.289	0.443	-134.508
[3.500 -2.000 0.000]	0.071	33.636	0.086	-29.294	0.171	-71.904	0.108	-119.859	0.113	-151.918	0.121	-173.206
[3.500 -1.000 0.000]	0.223	-31.586	0.348	-94.798	0.196	-134.537	0.255	178.636	0.299	157.346	0.357	138.726
[3.500 0.000 0.000]	0.466	-55.104	0.675	-126.613	0.399	173.388	0.448	157.641	0.594	137.534	0.701	117.58
[3.500 1.000 0.000]	0.223	-31.586	0.348	-94.798	0.196	-134.537	0.255	178.636	0.299	157.347	0.357	138.726
[3.500 2.000 0.000]	0.071	33.637	0.086	-29.294	0.171	-71.903	0.108	-119.859	0.113	-151.918	0.121	-173.206
[3.500 3.000 0.000]	0.241	144.059	0.443	76.901	0.43	36.791	0.413	-40.29	0.381	-94.289	0.443	-134.508
[3.500 3.500 0.000]	0.231	-79.537	0.479	-124.736	0.397	-141.456	0.519	139.715	0.53	83.453	0.579	42.519
