position	beam1_amplitude	beam1_phase	beam2_amplitude	beam2_phase	beam3_amplitude	beam3_phase	beam4_amplitude	beam4_phase	beam5_amplitude	beam5_phase	beam6_amplitude	beam6_phase
[-3.500 -3.000 0.000]	0.01	-168.951	0.018	33.418	0.037	-129.373	0.029	101.14	0.106	45.345	0.067	-63.805
[-3.500 -2.500 0.000]	0.041	134.883	0.066	-35.05	0.092	149.852	0.068	-9.618	0.182	-106.138	0.19	160.514
[-3.500 -2.000 0.000]	0.138	69.14	0.156	-142.504	0.211	47.112	0.153	-138.34	0.293	95.967	0.256	-5.695
[-3.500 -1.500 0.000]	0.252	8.96	0.249	131.897	0.232	-82.502	0.284	105.8	0.336	-49.373	0.253	-170.804
[-3.500 -1.000 0.000]	0.379	-43.812	0.269	45.045	0.269	158.223	0.342	-21.087	0.245	177.21	0.289	49.798
[-3.500 0.000 0.000]	0.305	-68.024	0.286	-30.75	0.253	73.774	0.318	-155.42	0.299	47.732	0.232	-146.054
[-3.500 0.500 0.000]	0.242	-45.475	0.22	-64.156	0.129	-16.998	0.249	98.278	0.446	-77.716	0.172	68.165
[-3.500 1.000 0.000]	0.228	-20.668	0.226	-62.698	0.19	-41.913	0.179	51.271	0.462	134.929	0.022	-27.898
[-3.500 1.500 0.000]	0.106	3.956	0.137	-55.661	0.126	-30.587	0.174	-31.92	0.338	-23.743	0.269	-51.844
[-3.500 2.000 0.000]	0.129	55.302	0.173	-70.245	0.351	-110.472	0.047	-41.904	0.5	151.937	0.703	-179.87
[-3.500 2.500 0.000]	0.194	114.496	0.231	34.054	0.244	42.21	0.53	-42.817	1	-11.612	0.867	28.721
[-3.500 3.000 0.000]	0.2	101.474	0.325	-23.135	0.625	-87.768	0.711	-171.275	0.883	-173.971	0.439	-168.264
[-3.500 3.500 0.000]	0.291	-71.484	0.346	172.49	0.417	94.744	0.533	-20.449	0.623	-31.494	0.859	-17.814
[-3.000 -3.500 0.000]	0.067	159.062	0.077	-0.065	0.084	-130.631	0.079	94.985	0.181	48.055	0.153	-71.889
[-3.000 -3.000 0.000]	0.101	87.532	0.128	-85.203	0.146	110.683	0.149	-16.6	0.295	-109.314	0.18	162.542
[-3.000 -2.500 0.000]	0.143	42.678	0.112	-144.144	0.131	-31.573	0.235	-146.549	0.422	95.708	0.306	12.837
[-3.000 -2.000 0.000]	0.169	-12.53	0.16	98.075	0.097	-145.905	0.231	80.886	0.494	-68.076	0.372	-155.481
[-3.000 -1.500 0.000]	0.107	-61.106	0.135	24.286	0.231	157.929	0.208	-22.03	0.352	149.227	0.374	55.801
[-3.000 -1.000 0.000]	0.077	-117.546	0.092	-60.454	0.103	39.022	0.164	-156.619	0.321	3.892	0.256	-112.101
[-3.000 0.000 0.000]	0.033	-109.596	0.055	-75.046	0.046	-26.628	0.133	77.346	0.251	-123.789	0.221	90.206
[-3.000 0.500 0.000]	0.135	-89.276	0.096	-77.614	0.053	-40.534	0.128	3.302	0.363	90.028	0.384	-51.498
[-3.000 1.000 0.000]	0.05	-87.269	0.036	-88.033	0.028	35.853	0.03	-175.362	0.176	-45.447	0.213	175.144
[-3.000 2.000 0.000]	0.032	-108.307	0.047	112.135	0.11	56.936	0.079	148.647	0.264	-10.6	0.404	49.69
[-3.000 2.500 0.000]	0.04	-115.866	0.084	85.68	0.123	-52.788	0.1	-142.508	0.633	172.732	0.469	-100.111
[-3.000 3.000 0.000]	0.219	58.108	0.262	-121.831	0.582	100.416	0.603	36.709	0.759	8.528	0.304	103.397
[-3.000 3.500 0.000]	0.182	176.681	0.176	49.369	0.367	-76.744	0.192	-164.143	0.323	145.89	0.228	143.375
[-2.500 -1.500 0.000]	0.242	-99.208	0.215	16.431	0.171	-141.17	0.097	39.879	0.371	31.665	0.124	-77.588
[-2.500 -1.000 0.000]	0.383	-131.88	0.287	-55.485	0.184	111.1	0.212	-57.82	0.503	-152.89	0.29	57.807
[-2.500 -0.500 0.000]	0.075	-128.117	0.067	-94.8	0.054	31.872	0.052	129.059	0.267	50.696	0.09	-132.13
[-2.500 1.500 0.000]	0.136	-71.893	0.144	-124.209	0.118	-141.785	0.05	-85.866	0.374	132.266	0.105	-151.764
[-2.500 2.000 0.000]	0.171	-0.713	0.156	-92.089	0.071	-104.139	0.109	-64.031	0.48	-49.348	0.108	15.886
[-2.500 2.500 0.000]	0.141	52.471	0.199	-79.143	0.349	-162.96	0.153	137.045	0.399	88.338	0.334	133.595
[-2.500 3.000 0.000]	0.153	81.109	0.075	-63.823	0.178	-56.056	0.514	-127.82	0.62	-117.85	0.67	-50.433
[-2.000 -3.500 0.000]	0.274	60.609	0.217	-83.376	0.264	166.182	0.321	58.109	0.269	-12.094	0.388	-105.441
[-2.000 -3.000 0.000]	0.23	-10.357	0.241	157.521	0.251	20.602	0.408	-96.122	0.38	173.213	0.496	80.505
[-2.000 -2.500 0.000]	0.281	-65.011	0.175	92.338	0.18	-106.091	0.294	124.556	0.359	3.479	0.494	-93.504
[-2.000 -2.000 0.000]	0.455	-133.543	0.34	-4.395	0.173	158.59	0.252	-1.033	0.29	-159.188	0.394	92.088
[-2.000 -0.500 0.000]	0.283	126.048	0.21	177.812	0.144	-66.24	0.195	97.05	0.278	-25.983	0.181	161.837
[-2.000 0.000 0.000]	0.204	128.081	0.176	160.845	0.071	-129.208	0.132	6.242	0.354	-157.485	0.234	26.769
[-2.000 0.500 0.000]	0.1	138.476	0.086	137.729	0.105	-164.261	0.102	-62.162	0.215	70.388	0.138	-94.999
[-2.000 1.500 0.000]	0.433	162.186	0.314	112.351	0.26	129.266	0.255	-160.302	0.456	-17.31	0.386	104.261
[-2.000 2.000 0.000]	0.276	-124.533	0.278	134.492	0.151	76.937	0.298	132.558	0.522	-168.361	0.431	-40.191
[-2.000 2.500 0.000]	0.017	-74.867	0.023	161.102	0.037	114.753	0.038	81.384	0.112	59.382	0.085	-137.198
[-2.000 3.500 0.000]	0.334	45.865	0.304	-113.074	0.301	142.249	0.342	79.145	0.253	78.447	0.386	146.757
[-1.500 -3.500 0.000]	0.012	27.245	0.013	-122.829	0.026	107.225	0.012	-13.473	0.071	-45.691	0.025	173.477
[-1.500 -1.500 0.000]	0.029	151.012	0.021	-94.763	0.025	58.329	0.019	-97.947	0.08	-9.637	0.042	-39.663
[-1.500 0.000 0.000]	0.182	87.352	0.129	124.91	0.164	-132.754	0.179	-0.778	0.219	176.328	0.265	42.011
[-1.500 0.500 0.000]	0.407	88.786	0.366	90.337	0.166	128.731	0.262	-93.802	0.481	18.936	0.347	-121.044
[-1.500 1.000 0.000]	0.345	120.479	0.347	85.472	0.222	113.972	0.338	175.685	0.38	-148.841	0.253	126.523
[-1.500 3.000 0.000]	0.108	-23.541	0.076	169.723	0.111	96.134	0.172	108.172	0.187	-166.046	0.273	-113.133
[-1.000 -3.500 0.000]	0.607	-18.165	0.565	-154.693	0.424	104.831	0.6	9.272	0.403	-62.882	0.503	-146.102
[-1.000 -3.000 0.000]	0.155	-86.927	0.29	59.847	0.284	-69.793	0.472	-170.271	0.46	109.742	0.549	28.766
[-1.000 -2.500 0.000]	0.243	-139.362	0.131	9.095	0.142	158.354	0.268	46.321	0.365	-60.272	0.434	-148.8
[-1.000 -2.000 0.000]	0.352	148.739	0.227	-67.526	0.104	128.677	0.176	-66.556	0.213	129.756	0.345	55.292
[-1.000 -1.000 0.000]	0.122	72.336	0.083	167.254	0.109	-38.374	0.101	150.509	0.077	43.463	0.16	-130.375
[-1.000 -0.500 0.000]	0.508	54.416	0.345	119.61	0.199	-117.619	0.345	46.164	0.151	-60.979	0.334	99.702
[-1.000 0.000 0.000]	0.354	48.499	0.302	82.082	0.232	147.148	0.354	-78.916	0.335	147.347	0.502	-66.803
[-1.000 0.500 0.000]	0.038	56.689	0.033	51.778	0.047	101.986	0.062	-166.622	0.163	-6.573	0.128	163.916
[-1.000 1.500 0.000]	0.42	93.667	0.301	43.38	0.368	58.554	0.442	110.369	0.329	-38.028	0.388	42.421
[-1.000 2.000 0.000]	0.277	179.117	0.222	69.304	0.103	-101.165	0.204	128.349	0.596	-175.551	0.306	-66.422
[-1.000 2.500 0.000]	0.24	-121.665	0.346	136.922	0.544	56.663	0.475	21.008	0.269	25.809	0.361	-86.407
[-1.000 3.000 0.000]	0.129	-107.798	0.146	-11.404	0.324	-130.047	0.226	121.4	0.447	99.768	0.478	162.401
[-1.000 3.500 0.000]	0.567	-10.994	0.627	-177.306	0.466	64.08	0.442	-8.582	0.257	-15.8	0.264	91.437
[-0.500 -1.500 0.000]	0.018	69.234	0.014	-179.031	0.021	-30.524	0.014	178.265	0.047	4.436	0.046	-95.677
[-0.500 -0.500 0.000]	0.285	17.623	0.193	87.328	0.143	-151.439	0.189	36.694	0.334	-129.084	0.176	114.065
[-0.500 0.000 0.000]	0.332	5.955	0.253	54.842	0.145	-174.164	0.15	-77.101	0.435	57.502	0.374	-9.812
[-0.500 0.500 0.000]	0.479	25.941	0.364	19.504	0.405	71.449	0.351	-175.391	0.179	-67.672	0.45	174.03
[-0.500 1.500 0.000]	0.311	60.97	0.155	5.015	0.189	23.481	0.233	81.011	0.405	-124.231	0.317	46.661
[-0.500 2.000 0.000]	0.203	144.563	0.271	29.682	0.092	-81.864	0.236	61.894	0.611	91.623	0.36	-78.599
[-0.500 2.500 0.000]	0.044	-143.244	0.068	109.537	0.169	18.13	0.175	-12.058	0.204	-77.369	0.129	-171.947
[0.000 -3.500 0.000]	1	-42.404	1	-163.25	0.714	101.523	0.73	13.229	0.593	-54.971	0.565	-137.296
[0.000 -3.000 0.000]	0.344	130.727	0.72	-7.308	0.939	-89.119	1	-178.269	0.831	115.402	0.81	40.093
[0.000 -2.500 0.000]	0.43	-70.045	0.422	144.133	0.807	73.063	0.836	-13.017	0.92	-73.818	1	-136.215
[0.000 -2.000 0.000]	0.258	155.456	0.491	-25.034	0.9	-119.358	0.527	131.723	0.868	100.978	0.998	49.114
[0.000 -1.500 0.000]	0.684	64.85	0.604	-167.601	1	47.901	0.481	-68.711	0.784	-93.191	0.904	-133.558
[0.000 -1.000 0.000]	0.771	50.172	0.581	120.466	0.995	-107.621	0.749	118.025	0.835	68.689	0.531	48.322
[0.000 -0.500 0.000]	0.26	71.684	0.029	82.415	0.553	76.225	0.48	-43.288	0.754	-104.613	0.324	-157.487
[0.000 0.000 0.000]	0.049	60.033	0.043	99.344	0.182	-119.273	0.156	-111.354	0.676	101.635	0.177	37.158
[0.000 0.500 0.000]	0.169	19.255	0.199	-2.114	0.169	107.026	0.15	-8.904	0.526	-73.148	0.513	-96.985
[0.000 1.000 0.000]	0.562	44.934	0.529	22.986	0.143	32.444	0.84	159.52	0.325	46.981	0.962	106.279
[0.000 1.500 0.000]	0.253	112.734	0.184	31.653	0.266	41.564	0.307	34.534	0.42	-136.447	0.639	-38.369
[0.000 2.500 0.000]	0.095	179.751	0.279	96.791	0.508	14.892	0.379	15.058	0.284	146.444	0.422	-101.72
[0.000 3.000 0.000]	0.161	115.926	0.264	-64.397	0.324	174.472	0.218	50.818	0.514	57.638	0.604	163.074
[0.000 3.500 0.000]	0.477	-30.689	0.587	157.201	0.453	28.024	0.426	-33.125	0.248	-43.098	0.246	80.498
[0.500 -1.500 0.000]	0.018	69.234	0.014	-179.031	0.021	-30.524	0.014	178.265	0.047	4.437	0.046	-95.677
[0.500 -0.500 0.000]	0.285	17.623	0.193	87.328	0.143	-151.439	0.189	36.694	0.334	-129.084	0.176	114.065
[0.500 0.000 0.000]	0.332	5.955	0.253	54.842	0.145	-174.164	0.15	-77.101	0.435	57.502	0.374	-9.812
[0.500 0.500 0.000]	0.479	25.941	0.364	19.504	0.405	71.449	0.351	-175.392	0.179	-67.672	0.45	174.03
[0.500 1.500 0.000]	0.311	60.97	0.155	5.015	0.189	23.481	0.233	81.011	0.405	-124.231	0.317	46.661
[0.500 2.000 0.000]	0.203	144.563	0.271	29.682	0.092	-81.863	0.236	61.894	0.611	91.623	0.36	-78.598
[0.500 2.500 0.000]	0.044	-143.244	0.068	109.536	0.169	18.13	0.175	-12.058	0.204	-77.369	0.129	-171.947
[1.000 -3.500 0.000]	0.607	-18.165	0.565	-154.693	0.424	104.831	0.6	9.272	0.403	-62.882	0.503	-146.102
[1.000 -3.000 0.000]	0.155	-86.927	0.29	59.847	0.284	-69.793	0.472	-170.271	0.46	109.742	0.549	28.766
[1.000 -2.500 0.000]	0.243	-139.361	0.131	9.095	0.142	158.354	0.268	46.321	0.365	-60.273	0.434	-148.8
[1.000 -2.000 0.000]	0.352	148.739	0.227	-67.526	0.104	128.677	0.176	-66.556	0.213	129.756	0.345	55.292
[1.000 -1.000 0.000]	0.122	72.336	0.083	167.254	0.109	-38.374	0.101	150.509	0.077	43.463	0.16	-130.375
[1.000 -0.500 0.000]	0.508	54.416	0.345	119.61	0.199	-117.619	0.345	46.164	0.151	-60.979	0.334	99.702
[1.000 0.000 0.000]	0.354	48.499	0.302	82.082	0.232	147.148	0.354	-78.916	0.335	147.347	0.502	-66.803
[1.000 0.500 0.000]	0.038	56.689	0.033	51.778	0.047	101.985	0.062	-166.622	0.163	-6.573	0.128	163.916
[1.000 1.500 0.000]	0.42	93.667	0.301	43.38	0.368	58.554	0.442	110.369	0.329	-38.028	0.388	42.422
[1.000 2.000 0.000]	0.277	179.117	0.222	69.304	0.103	-101.166	0.204	128.348	0.596	-175.551	0.306	-66.422
[1.000 2.500 0.000]	0.24	-121.665	0.346	136.921	0.544	56.663	0.475	21.008	0.269	25.809	0.361	-86.407
[1.000 3.000 0.000]	0.129	-107.798	0.146	-11.404	0.324	-130.047	0.226	121.4	0.447	99.768	0.478	162.401
[1.000 3.500 0.000]	0.567	-10.995	0.627	-177.306	0.466	64.08	0.442	-8.582	0.257	-15.8	0.264	91.437
[1.500 -3.500 0.000]	0.012	27.245	0.013	-122.829	0.026	107.225	0.012	-13.473	0.071	-45.691	0.025	173.478
[1.500 -1.500 0.000]	0.029	151.012	0.021	-94.763	0.025	58.328	0.019	-97.948	0.08	-9.637	0.042	-39.662
[1.500 0.000 0.000]	0.182	87.352	0.129	124.91	0.164	-132.754	0.179	-0.778	0.219	176.329	0.265	42.011
[1.500 0.500 0.000]	0.407	88.786	0.366	90.337	0.166	128.731	0.262	-93.801	0.481	18.936	0.347	-121.044
[1.500 1.000 0.000]	0.345	120.479	0.347	85.472	0.222	113.972	0.338	175.685	0.38	-148.841	0.253	126.523
[1.500 3.000 0.000]	0.108	-23.541	0.076	169.724	0.111	96.134	0.172	108.172	0.187	-166.046	0.273	-113.133
[2.000 -3.500 0.000]	0.274	60.609	0.217	-83.376	0.264	166.181	0.321	58.109	0.269	-12.094	0.388	-105.441
[2.000 -3.000 0.000]	0.23	-10.357	0.241	157.521	0.251	20.602	0.408	-96.122	0.38	173.213	0.496	80.504
[2.000 -2.500 0.000]	0.281	-65.011	0.175	92.338	0.18	-106.091	0.294	124.556	0.359	3.479	0.494	-93.504
[2.000 -2.000 0.000]	0.455	-133.543	0.34	-4.395	0.173	158.59	0.252	-1.033	0.29	-159.188	0.394	92.088
[2.000 -0.500 0.000]	0.283	126.048	0.21	177.812	0.144	-66.24	0.195	97.05	0.278	-25.983	0.181	161.837
[2.000 0.000 0.000]	0.204	128.081	0.176	160.845	0.071	-129.208	0.132	6.242	0.354	-157.485	0.234	26.769
[2.000 0.500 0.000]	0.1	138.476	0.086	137.729	0.105	-164.26	0.102	-62.162	0.215	70.388	0.138	-94.999
[2.000 1.500 0.000]	0.433	162.186	0.314	112.351	0.26	129.266	0.255	-160.302	0.456	-17.31	0.386	104.261
[2.000 2.000 0.000]	0.276	-124.533	0.278	134.492	0.151	76.938	0.298	132.558	0.522	-168.361	0.431	-40.191
[2.000 2.500 0.000]	0.017	-74.867	0.023	161.102	0.037	114.753	0.038	81.384	0.112	59.382	0.085	-137.198
[2.000 3.500 0.000]	0.334	45.865	0.304	-113.074	0.301	142.249	0.342	79.145	0.253	78.447	0.386	146.757
[2.500 -1.500 0.000]	0.242	-99.208	0.215	16.431	0.171	-141.17	0.097	39.879	0.371	31.665	0.124	-77.589
[2.500 -1.000 0.000]	0.383	-131.88	0.287	-55.485	0.184	111.099	0.212	-57.82	0.503	-152.89	0.29	57.806
[2.500 -0.500 0.000]	0.075	-128.117	0.067	-94.8	0.054	31.872	0.052	129.059	0.267	50.696	0.09	-132.13
[2.500 1.500 0.000]	0.136	-71.893	0.144	-124.209	0.118	-141.785	0.05	-85.866	0.374	132.267	0.105	-151.763
[2.500 2.000 0.000]	0.171	-0.713	0.156	-92.089	0.071	-104.139	0.109	-64.031	0.48	-49.348	0.108	15.886
[2.500 2.500 0.000]	0.141	52.471	0.199	-79.143	0.349	-162.96	0.153	137.045	0.399	88.338	0.334	133.595
[2.500 3.000 0.000]	0.153	81.109	0.075	-63.823	0.178	-56.056	0.514	-127.82	0.62	-117.85	0.67	-50.433
[3.000 -3.500 0.000]	0.067	159.062	0.077	-0.066	0.084	-130.631	0.079	94.985	0.181	48.055	0.153	-71.889
[3.000 -3.000 0.000]	0.101	87.533	0.128	-85.203	0.146	110.683	0.149	-16.6	0.295	-109.313	0.18	162.542
[3.000 -2.500 0.000]	0.143	42.678	0.112	-144.143	0.131	-31.572	0.235	-146.549	0.422	95.709	0.306	12.838
[3.000 -2.000 0.000]	0.169	-12.53	0.16	98.075	0.097	-145.905	0.231	80.886	0.494	-68.076	0.372	-155.48
[3.000 -1.500 0.000]	0.107	-61.106	0.135	24.286	0.231	157.93	0.208	-22.03	0.352	149.227	0.374	55.801
[3.000 -1.000 0.000]	0.077	-117.546	0.092	-60.455	0.103	39.021	0.164	-156.619	0.321	3.892	0.256	-112.101
[3.000 0.000 0.000]	0.033	-109.597	0.055	-75.047	0.046	-26.628	0.133	77.346	0.251	-123.789	0.221	90.205
[3.000 0.500 0.000]	0.135	-89.276	0.096	-77.614	0.053	-40.534	0.128	3.303	0.363	90.028	0.384	-51.498
[3.000 1.000 0.000]	0.05	-87.269	0.036	-88.033	0.028	35.853	0.03	-175.362	0.176	-45.446	0.213	175.144
[3.000 2.000 0.000]	0.032	-108.307	0.047	112.135	0.11	56.936	0.079	148.648	0.264	-10.6	0.404	49.691
[3.000 2.500 0.000]	0.04	-115.866	0.084	85.68	0.123	-52.789	0.1	-142.508	0.633	172.731	0.469	-100.111
[3.000 3.000 0.000]	0.219	58.108	0.262	-121.831	0.582	100.416	0.603	36.709	0.759	8.527	0.304	103.397
[3.000 3.500 0.000]	0.182	176.682	0.176	49.369	0.367	-76.744	0.192	-164.143	0.323	145.89	0.228	143.375
[3.500 -3.000 0.000]	0.01	-168.952	0.018	33.418	0.037	-129.373	0.029	101.139	0.106	45.344	0.067	-63.805
[3.500 -2.500 0.000]	0.041	134.883	0.066	-35.049	0.092	149.852	0.068	-9.618	0.182	-106.138	0.19	160.514
[3.500 -2.000 0.000]	0.138	69.14	0.156	-142.504	0.211	47.112	0.153	-138.34	0.293	95.967	0.256	-5.695
[3.500 -1.500 0.000]	0.252	8.96	0.249	131.897	0.232	-82.502	0.284	105.8	0.336	-49.373	0.253	-170.804
[3.500 -1.000 0.000]	0.379	-43.812	0.269	45.045	0.269	158.223	0.342	-21.087	0.245	177.21	0.289	49.797
[3.500 0.000 0.000]	0.305	-68.024	0.286	-30.75	0.253	73.774	0.318	-155.42	0.299	47.732	0.232	-146.053
[3.500 0.500 0.000]	0.242	-45.475	0.22	-64.156	0.129	-16.999	0.249	98.277	0.446	-77.716	0.172	68.165
[3.500 1.000 0.000]	0.228	-20.668	0.226	-62.698	0.19	-41.913	0.179	51.271	0.462	134.928	0.022	-27.898
[3.500 1.500 0.000]	0.106	3.956	0.137	-55.661	0.126	-30.587	0.174	-31.92	0.338	-23.744	0.269	-51.844
[3.500 2.000 0.000]	0.129	55.302	0.173	-70.244	0.351	-110.472	0.047	-41.903	0.5	151.937	0.703	-179.87
[3.500 2.500 0.000]	0.194	114.496	0.231	34.054	0.244	42.209	0.53	-42.817	1	-11.612	0.867	28.721
[3.500 3.000 0.000]	0.2	101.474	0.325	-23.135	0.625	-87.768	0.711	-171.275	0.883	-173.971	0.439	-168.264
[3.500 3.500 0.000]	0.291	-71.484	0.346	172.49	0.417	94.744	0.533	-20.449	0.623	-31.494	0.859	-17.814
