position	amplitude	phase
[-3.500 -3.500 0.000]	0.277	-62.015
[-3.500 -2.500 0.000]	0.23	114.283
[-3.500 -2.000 0.000]	0.369	-15.318
[-3.500 -1.000 0.000]	0.355	155.483
[-3.500 1.000 0.000]	0.686	-41.278
[-3.500 2.000 0.000]	0.369	-38.585
[-3.500 2.500 0.000]	0.271	-56.816
[-3.500 3.500 0.000]	0.396	12.744
[-3.000 0.000 0.000]	0.59	-22.235
[-2.500 -0.500 0.000]	0.709	9.708
[-2.500 0.500 0.000]	0.793	-114.164
[-2.000 -3.500 0.000]	0.204	131.291
[-2.000 -1.500 0.000]	0.382	102.676
[-2.000 -0.500 0.000]	0.232	-55.927
[-2.000 0.500 0.000]	0.153	-175.773
[-2.000 1.500 0.000]	0.636	129.011
[-2.000 3.500 0.000]	0.366	149.241
[-1.500 -2.500 0.000]	0.387	-118.034
[-1.500 -1.000 0.000]	0.562	-18.416
[-1.500 0.000 0.000]	0.551	-155.96
[-1.500 1.000 0.000]	0.456	122.422
[-1.500 2.500 0.000]	0.903	66.012
[-1.000 -3.500 0.000]	0.375	63.308
[-1.000 -1.500 0.000]	0.428	28.465
[-1.000 -0.500 0.000]	0.364	-128.819
[-1.000 0.500 0.000]	0.584	86.308
[-1.000 1.500 0.000]	0.433	61.38
[-1.000 3.500 0.000]	0.748	62.729
[-0.500 -2.000 0.000]	0.656	118.622
[-0.500 -1.500 0.000]	0.456	-51.943
[-0.500 0.000 0.000]	0.641	152.248
[-0.500 1.500 0.000]	0.411	30.332
[-0.500 2.000 0.000]	0.839	21.788
[0.000 -3.500 0.000]	0.523	60.456
[0.000 -1.500 0.000]	0.544	33.874
[0.000 -1.000 0.000]	0.748	-131.167
[0.000 1.000 0.000]	1	54.214
[0.000 1.500 0.000]	0.312	-11.986
[0.000 3.500 0.000]	0.93	34.889
[0.500 -2.000 0.000]	0.655	118.647
[0.500 -1.500 0.000]	0.458	-51.867
[0.500 0.000 0.000]	0.641	152.509
[0.500 1.500 0.000]	0.413	30.006
[0.500 2.000 0.000]	0.838	21.958
[1.000 -3.500 0.000]	0.373	63.85
[1.000 -1.500 0.000]	0.429	28.197
[1.000 -0.500 0.000]	0.363	-129.139
[1.000 0.500 0.000]	0.581	86.295
[1.000 1.500 0.000]	0.431	61.395
[1.000 3.500 0.000]	0.75	62.648
[1.500 -2.500 0.000]	0.389	-118.211
[1.500 -1.000 0.000]	0.56	-18.142
[1.500 0.000 0.000]	0.554	-155.815
[1.500 1.000 0.000]	0.455	122.333
[1.500 2.500 0.000]	0.905	65.956
[2.000 -3.500 0.000]	0.205	131.349
[2.000 -1.500 0.000]	0.389	102.373
[2.000 -0.500 0.000]	0.221	-55.826
[2.000 0.500 0.000]	0.151	-175.747
[2.000 1.500 0.000]	0.637	129.405
[2.000 3.500 0.000]	0.37	149.418
[2.500 -0.500 0.000]	0.709	9.539
[2.500 0.500 0.000]	0.794	-114.24
[3.000 0.000 0.000]	0.587	-22.04
[3.500 -3.500 0.000]	0.279	-61.922
[3.500 -2.500 0.000]	0.23	114.121
[3.500 -2.000 0.000]	0.368	-15.142
[3.500 -1.000 0.000]	0.355	155.427
[3.500 1.000 0.000]	0.682	-41.532
[3.500 2.000 0.000]	0.371	-38.468
[3.500 2.500 0.000]	0.272	-56.95
[3.500 3.500 0.000]	0.398	12.679
