position	amplitude	phase
[-3.500 -3.500 0.000]	0.397	12.691
[-3.500 -2.500 0.000]	0.271	-56.802
[-3.500 -2.000 0.000]	0.369	-38.581
[-3.500 -1.000 0.000]	0.685	-41.281
[-3.500 1.000 0.000]	0.356	155.589
[-3.500 2.000 0.000]	0.369	-15.161
[-3.500 2.500 0.000]	0.23	114.161
[-3.500 3.500 0.000]	0.278	-61.951
[-3.000 0.000 0.000]	0.59	-22.197
[-2.500 -0.500 0.000]	0.793	-114.242
[-2.500 0.500 0.000]	0.708	9.665
[-2.000 -3.500 0.000]	0.367	149.212
[-2.000 -1.500 0.000]	0.636	129.18
[-2.000 -0.500 0.000]	0.154	-175.744
[-2.000 0.500 0.000]	0.229	-55.879
[-2.000 1.500 0.000]	0.384	102.567
[-2.000 3.500 0.000]	0.203	131.516
[-1.500 -2.500 0.000]	0.902	65.977
[-1.500 -1.000 0.000]	0.457	122.415
[-1.500 0.000 0.000]	0.551	-155.857
[-1.500 1.000 0.000]	0.561	-18.445
[-1.500 2.500 0.000]	0.387	-118.236
[-1.000 -3.500 0.000]	0.749	62.728
[-1.000 -1.500 0.000]	0.43	61.306
[-1.000 -0.500 0.000]	0.586	86.441
[-1.000 0.500 0.000]	0.362	-128.928
[-1.000 1.500 0.000]	0.43	28.345
[-1.000 3.500 0.000]	0.374	63.64
[-0.500 -2.000 0.000]	0.839	21.839
[-0.500 -1.500 0.000]	0.412	30.366
[-0.500 0.000 0.000]	0.642	152.32
[-0.500 1.500 0.000]	0.456	-51.893
[-0.500 2.000 0.000]	0.655	118.568
[0.000 -3.500 0.000]	0.93	34.864
[0.000 -1.500 0.000]	0.312	-11.872
[0.000 -1.000 0.000]	1	54.137
[0.000 1.000 0.000]	0.749	-131.217
[0.000 1.500 0.000]	0.544	33.881
[0.000 3.500 0.000]	0.524	60.379
[0.500 -2.000 0.000]	0.838	21.815
[0.500 -1.500 0.000]	0.413	30.217
[0.500 0.000 0.000]	0.642	152.447
[0.500 1.500 0.000]	0.456	-51.737
[0.500 2.000 0.000]	0.654	118.717
[1.000 -3.500 0.000]	0.75	62.68
[1.000 -1.500 0.000]	0.431	61.484
[1.000 -0.500 0.000]	0.583	86.159
[1.000 0.500 0.000]	0.361	-128.881
[1.000 1.500 0.000]	0.43	28.172
[1.000 3.500 0.000]	0.375	63.61
[1.500 -2.500 0.000]	0.906	65.987
[1.500 -1.000 0.000]	0.455	122.333
[1.500 0.000 0.000]	0.553	-155.814
[1.500 1.000 0.000]	0.561	-18.256
[1.500 2.500 0.000]	0.389	-117.86
[2.000 -3.500 0.000]	0.368	149.411
[2.000 -1.500 0.000]	0.639	129.185
[2.000 -0.500 0.000]	0.146	-175.73
[2.000 0.500 0.000]	0.227	-55.884
[2.000 1.500 0.000]	0.386	102.481
[2.000 3.500 0.000]	0.207	131.285
[2.500 -0.500 0.000]	0.793	-114.152
[2.500 0.500 0.000]	0.709	9.533
[3.000 0.000 0.000]	0.587	-22.031
[3.500 -3.500 0.000]	0.399	12.622
[3.500 -2.500 0.000]	0.271	-56.91
[3.500 -2.000 0.000]	0.37	-38.51
[3.500 -1.000 0.000]	0.683	-41.512
[3.500 1.000 0.000]	0.354	155.478
[3.500 2.000 0.000]	0.369	-15.223
[3.500 2.500 0.000]	0.23	114.176
[3.500 3.500 0.000]	0.277	-62.077
