position	beam1_amplitude	beam1_phase	beam2_amplitude	beam2_phase	beam3_amplitude	beam3_phase
[-3.500 -3.500 0.000]	0.374	-88.432	0.431	-135.839	0.407	-141.668
[-3.500 -3.000 0.000]	0.269	147.404	0.396	80.076	0.441	31.629
[-3.500 -2.000 0.000]	0.128	25.33	0.119	-34.267	0.157	-68.601
[-3.500 -1.000 0.000]	0.175	-28.389	0.231	-89.502	0.166	-134.371
[-3.500 0.000 0.000]	0.515	-67.36	0.636	-121.242	0.356	176.153
[-3.500 1.000 0.000]	0.175	-28.39	0.231	-89.502	0.166	-134.367
[-3.500 2.000 0.000]	0.128	25.33	0.119	-34.272	0.157	-68.601
[-3.500 3.000 0.000]	0.269	147.406	0.396	80.081	0.441	31.634
[-3.500 3.500 0.000]	0.374	-88.433	0.431	-135.838	0.407	-141.664
[-3.000 -3.500 0.000]	0.298	-166.423	0.288	131.022	0.364	45.935
[-3.000 -3.000 0.000]	0.222	82.994	0.14	-58.866	0.428	-145.472
[-3.000 -2.500 0.000]	0.036	10.406	0.013	88.102	0.126	81.851
[-3.000 0.000 0.000]	0.113	-112.323	0.246	-4.411	0.291	-74.477
[-3.000 2.500 0.000]	0.036	10.405	0.013	88.118	0.126	81.85
[-3.000 3.000 0.000]	0.222	82.99	0.14	-58.877	0.428	-145.468
[-3.000 3.500 0.000]	0.298	-166.421	0.288	131.022	0.364	45.936
[-2.500 -2.500 0.000]	0.078	6.958	0.118	-12.467	0.195	6.58
[-2.500 -2.000 0.000]	0.144	-76.053	0.131	-88.544	0.248	-130.709
[-2.500 -1.000 0.000]	0.36	-157.887	0.282	-177.045	0.226	175.728
[-2.500 0.000 0.000]	0.666	-176.483	0.648	-179.502	0.3	137.737
[-2.500 1.000 0.000]	0.36	-157.89	0.282	-177.048	0.226	175.727
[-2.500 2.000 0.000]	0.144	-76.052	0.131	-88.542	0.248	-130.707
[-2.500 2.500 0.000]	0.078	6.96	0.118	-12.467	0.195	6.59
[-2.000 -3.500 0.000]	0.115	58.391	0.143	-4.301	0.119	-41.519
[-2.000 -2.500 0.000]	0.194	-69.103	0.151	-96.742	0.247	-123.188
[-2.000 -2.000 0.000]	0.346	-132.01	0.392	-179.072	0.293	96.637
[-2.000 0.000 0.000]	0.189	122.328	0.197	94.309	0.081	73.196
[-2.000 2.000 0.000]	0.346	-132.013	0.392	-179.074	0.293	96.632
[-2.000 2.500 0.000]	0.194	-69.103	0.151	-96.742	0.247	-123.188
[-2.000 3.500 0.000]	0.115	58.393	0.143	-4.301	0.119	-41.515
[-1.500 -3.500 0.000]	0.096	12.268	0.122	-51.683	0.131	-125.704
[-1.500 -1.500 0.000]	0.148	170.96	0.159	-166.459	0.342	-141.272
[-1.500 -1.000 0.000]	1	107.203	0.807	88.203	0.47	83.651
[-1.500 1.000 0.000]	1	107.202	0.807	88.204	0.47	83.646
[-1.500 1.500 0.000]	0.148	170.967	0.159	-166.456	0.342	-141.272
[-1.500 3.500 0.000]	0.097	12.27	0.122	-51.683	0.131	-125.707
[-1.000 -2.500 0.000]	0.344	-151.785	0.197	-139.411	0.4	-147.58
[-1.000 -2.000 0.000]	0.449	147.342	0.433	120.782	0.44	72.429
[-1.000 -1.000 0.000]	0.188	51.085	0.054	37.412	0.37	22.23
[-1.000 -0.500 0.000]	0.318	32.24	0.26	16.125	0.57	-133.608
[-1.000 0.000 0.000]	0.939	48.03	0.64	59.244	1	47.503
[-1.000 0.500 0.000]	0.318	32.24	0.26	16.13	0.57	-133.608
[-1.000 1.000 0.000]	0.188	51.084	0.054	37.402	0.37	22.228
[-1.000 2.000 0.000]	0.449	147.341	0.433	120.78	0.44	72.426
[-1.000 2.500 0.000]	0.344	-151.784	0.197	-139.411	0.4	-147.582
[-0.500 -3.500 0.000]	0.466	-50.371	0.52	-98.481	0.336	-126.293
[-0.500 -3.000 0.000]	0.075	-125.652	0.086	69.464	0.239	49.173
[-0.500 -1.500 0.000]	0.228	94.714	0.191	89.489	0.3	-146.635
[-0.500 -1.000 0.000]	0.807	59.525	0.479	64.697	0.508	64.607
[-0.500 0.000 0.000]	0.311	26.686	0.346	18.469	0.247	3.289
[-0.500 1.000 0.000]	0.808	59.524	0.479	64.694	0.508	64.606
[-0.500 1.500 0.000]	0.228	94.715	0.191	89.485	0.3	-146.636
[-0.500 3.000 0.000]	0.075	-125.651	0.086	69.465	0.239	49.177
[-0.500 3.500 0.000]	0.466	-50.37	0.52	-98.481	0.336	-126.291
[0.000 -3.500 0.000]	0.175	-57.615	0.48	-101.835	0.358	-134.677
[0.000 -3.000 0.000]	0.193	-172.318	0.535	61.094	0.573	21.986
[0.000 -2.500 0.000]	0.37	-156.859	1	-130.522	0.978	-150.375
[0.000 -2.000 0.000]	0.49	145.775	0.726	81.886	0.868	39.044
[0.000 -1.500 0.000]	0.122	71.648	0.018	-42.215	0.35	-178.967
[0.000 -1.000 0.000]	0.662	32.384	0.387	17.859	0.477	-8.703
[0.000 0.000 0.000]	0.395	24.355	0.348	19.196	0.362	31.985
[0.000 1.000 0.000]	0.662	32.382	0.387	17.857	0.477	-8.704
[0.000 1.500 0.000]	0.122	71.648	0.018	-42.202	0.35	-178.971
[0.000 2.000 0.000]	0.49	145.78	0.726	81.884	0.868	39.045
[0.000 2.500 0.000]	0.37	-156.843	1	-130.524	0.978	-150.373
[0.000 3.000 0.000]	0.193	-172.327	0.535	61.097	0.573	21.978
[0.000 3.500 0.000]	0.175	-57.619	0.48	-101.833	0.358	-134.679
[0.500 -3.500 0.000]	0.466	-50.372	0.52	-98.481	0.336	-126.293
[0.500 -3.000 0.000]	0.075	-125.652	0.086	69.464	0.239	49.173
[0.500 -1.500 0.000]	0.228	94.714	0.191	89.489	0.3	-146.635
[0.500 -1.000 0.000]	0.807	59.525	0.479	64.697	0.508	64.607
[0.500 0.000 0.000]	0.311	26.686	0.346	18.469	0.247	3.289
[0.500 1.000 0.000]	0.808	59.524	0.479	64.694	0.508	64.606
[0.500 1.500 0.000]	0.228	94.715	0.191	89.485	0.3	-146.636
[0.500 3.000 0.000]	0.075	-125.651	0.086	69.465	0.239	49.178
[0.500 3.500 0.000]	0.466	-50.37	0.52	-98.481	0.336	-126.291
[1.000 -2.500 0.000]	0.344	-151.785	0.197	-139.412	0.4	-147.58
[1.000 -2.000 0.000]	0.449	147.342	0.433	120.782	0.44	72.429
[1.000 -1.000 0.000]	0.188	51.085	0.054	37.411	0.37	22.23
[1.000 -0.500 0.000]	0.318	32.24	0.26	16.125	0.57	-133.608
[1.000 0.000 0.000]	0.939	48.03	0.64	59.244	1	47.503
[1.000 0.500 0.000]	0.318	32.24	0.26	16.13	0.57	-133.608
[1.000 1.000 0.000]	0.188	51.084	0.054	37.4	0.37	22.228
[1.000 2.000 0.000]	0.449	147.341	0.433	120.78	0.44	72.426
[1.000 2.500 0.000]	0.344	-151.784	0.197	-139.412	0.4	-147.582
[1.500 -3.500 0.000]	0.096	12.268	0.122	-51.683	0.131	-125.704
[1.500 -1.500 0.000]	0.148	170.96	0.159	-166.459	0.342	-141.272
[1.500 -1.000 0.000]	1	107.203	0.807	88.203	0.47	83.651
[1.500 1.000 0.000]	1	107.202	0.807	88.204	0.47	83.646
[1.500 1.500 0.000]	0.148	170.967	0.159	-166.456	0.342	-141.272
[1.500 3.500 0.000]	0.097	12.27	0.122	-51.683	0.131	-125.707
[2.000 -3.500 0.000]	0.115	58.391	0.143	-4.301	0.119	-41.519
[2.000 -2.500 0.000]	0.194	-69.103	0.151	-96.742	0.247	-123.188
[2.000 -2.000 0.000]	0.346	-132.01	0.392	-179.072	0.293	96.637
[2.000 0.000 0.000]	0.189	122.328	0.197	94.308	0.081	73.197
[2.000 2.000 0.000]	0.346	-132.013	0.392	-179.074	0.293	96.632
[2.000 2.500 0.000]	0.194	-69.103	0.151	-96.742	0.247	-123.188
[2.000 3.500 0.000]	0.115	58.392	0.143	-4.302	0.119	-41.516
[2.500 -2.500 0.000]	0.078	6.958	0.118	-12.467	0.195	6.58
[2.500 -2.000 0.000]	0.144	-76.053	0.131	-88.544	0.248	-130.709
[2.500 -1.000 0.000]	0.36	-157.887	0.282	-177.045	0.226	175.728
[2.500 0.000 0.000]	0.666	-176.483	0.648	-179.502	0.3	137.737
[2.500 1.000 0.000]	0.36	-157.89	0.282	-177.049	0.226	175.727
[2.500 2.000 0.000]	0.144	-76.052	0.131	-88.542	0.248	-130.707
[2.500 2.500 0.000]	0.078	6.961	0.118	-12.467	0.195	6.59
[3.000 -3.500 0.000]	0.298	-166.423	0.288	131.022	0.364	45.935
[3.000 -3.000 0.000]	0.222	82.994	0.14	-58.866	0.428	-145.472
[3.000 -2.500 0.000]	0.036	10.406	0.013	88.103	0.126	81.851
[3.000 0.000 0.000]	0.113	-112.323	0.246	-4.411	0.291	-74.477
[3.000 2.500 0.000]	0.036	10.405	0.013	88.119	0.126	81.85
[3.000 3.000 0.000]	0.222	82.99	0.14	-58.878	0.428	-145.468
[3.000 3.500 0.000]	0.298	-166.421	0.288	131.022	0.364	45.936
[3.500 -3.500 0.000]	0.374	-88.432	0.431	-135.839	0.407	-141.669
[3.500 -3.000 0.000]	0.269	147.403	0.396	80.076	0.441	31.629
[3.500 -2.000 0.000]	0.128	25.33	0.119	-34.267	0.157	-68.601
[3.500 -1.000 0.000]	0.175	-28.389	0.231	-89.502	0.166	-134.371
[3.500 0.000 0.000]	0.515	-67.36	0.636	-121.242	0.356	176.153
[3.500 1.000 0.000]	0.175	-28.39	0.231	-89.502	0.166	-134.367
[3.500 2.000 0.000]	0.128	25.33	0.119	-34.272	0.157	-68.601
[3.500 3.000 0.000]	0.269	147.406	0.396	80.081	0.441	31.634
[3.500 3.500 0.000]	0.374	-88.433	0.431	-135.838	0.407	-141.664
