position	beam1_amplitude	beam1_phase	beam2_amplitude	beam2_phase	beam3_amplitude	beam3_phase
[-3.500 -3.000 0.000]	0.009	179.19	0.013	0.773	0.083	-124.738
[-3.500 -2.000 0.000]	0.259	69.146	0.264	-136.59	0.38	34.882
[-3.500 -1.500 0.000]	0.309	14.354	0.468	117.72	0.524	-95.858
[-3.500 -0.500 0.000]	0.284	-53.412	0.295	29.815	0.41	152.942
[-3.500 0.000 0.000]	0.479	-59.639	0.502	-40.807	0.526	26.964
[-3.500 1.000 0.000]	0.531	-44.369	0.718	-63.941	0.444	-43.681
[-3.500 2.000 0.000]	0.408	46.124	0.421	-43.983	0.566	-80.117
[-3.500 2.500 0.000]	0.003	135.365	0.006	77.999	0.268	65.441
[-3.500 3.000 0.000]	0.175	172.379	0.236	-3.56	0.81	-88.394
[-3.500 3.500 0.000]	0.085	-46.266	0.261	-178.657	0.56	90.065
[-3.000 -3.000 0.000]	0.339	121.187	0.48	-80.415	0.501	108.163
[-3.000 -2.500 0.000]	0.236	41.128	0.248	178.201	0.3	-31.036
[-3.000 -1.000 0.000]	0.144	-83.63	0.145	-25.232	0.273	54.942
[-3.000 2.000 0.000]	0.009	-12.22	0.002	142.636	0.1	60.688
[-3.000 3.000 0.000]	0.208	86.704	0.177	-98.953	0.618	92.444
[-3.000 3.500 0.000]	0.118	-136.334	0.109	63.393	0.424	-85.544
[-2.500 -3.500 0.000]	0.222	120.629	0.287	-39.741	0.339	-175.919
[-2.500 -2.000 0.000]	0.336	-55.584	0.316	72.482	0.178	-17.647
[-2.500 -1.500 0.000]	0.034	-120.29	0.053	-14.071	0.21	163.656
[-2.500 1.000 0.000]	0.559	-136.892	0.553	-148.847	0.448	-104.187
[-2.500 2.500 0.000]	0.226	-5.931	0.361	-99.205	0.61	-125.229
[-2.000 -3.500 0.000]	0.108	65.853	0.118	-91.473	0.271	169.863
[-2.000 -3.000 0.000]	0.217	-25.75	0.282	155.876	0.355	6.542
[-2.000 0.000 0.000]	0.741	135.959	0.749	167.65	0.624	-97.977
[-2.000 1.000 0.000]	0.159	134.917	0.158	102.534	0.272	118.058
[-2.000 1.500 0.000]	0.064	175.441	0.064	132.112	0.251	136.79
[-2.000 2.000 0.000]	0.558	-127.384	0.511	141.479	0.2	30.522
[-2.000 2.500 0.000]	0.2	-40.422	0.2	179.852	0.442	98.517
[-2.000 3.500 0.000]	0.173	75.621	0.272	-86.188	0.334	179.032
[-1.500 -3.500 0.000]	0.419	11.509	0.354	-132.125	0.344	117.854
[-1.500 -1.500 0.000]	0.314	141.149	0.321	-71.799	0.483	87.621
[-1.500 -1.000 0.000]	0.916	96.692	0.973	-177.454	0.727	-68.718
[-1.500 0.500 0.000]	0.405	89.112	0.362	79.844	0.334	134.289
[-1.500 3.000 0.000]	0.068	-109.605	0.069	81.704	0.385	-112.813
[-1.500 3.500 0.000]	0.296	-0.503	0.433	-146.068	0.525	90.639
[-1.000 -3.500 0.000]	0.169	-7.82	0.178	-134.939	0.438	132.299
[-1.000 -3.000 0.000]	0.091	104.043	0.159	64.917	0.694	-55.668
[-1.000 -2.500 0.000]	0.447	-136.835	0.256	3.702	0.688	107.293
[-1.000 -2.000 0.000]	0.322	153.832	0.198	-68.057	0.327	-115.344
[-1.000 -1.000 0.000]	0.165	68.335	0.125	154.672	0.24	-33.13
[-1.000 0.500 0.000]	0.388	63.765	0.388	70.6	0.346	149.126
[-1.000 1.500 0.000]	0.712	108.813	0.824	56.168	0.729	50.703
[-1.000 2.500 0.000]	0.407	-130.15	0.555	100.67	0.791	49.373
[-0.500 -3.500 0.000]	0.581	-42.36	0.656	-170.158	0.454	87.348
[-0.500 -3.000 0.000]	0.067	150.445	0.159	37.274	0.368	-117.801
[-0.500 -1.500 0.000]	0.559	88.884	0.504	-152.436	0.374	52.181
[-0.500 -1.000 0.000]	0.027	62.794	0.053	138.009	0.312	-50.887
[-0.500 -0.500 0.000]	1	31.095	0.855	85.065	0.572	175.545
[-0.500 0.500 0.000]	0.627	30.831	0.776	20.786	0.668	73.947
[-0.500 1.000 0.000]	0.077	40.098	0.063	8.62	0.249	2.005
[-0.500 3.500 0.000]	0.559	-44.57	0.659	154.653	0.414	31.353
[0.000 -3.500 0.000]	0.112	-47.665	0.077	165.302	0.211	88.538
[0.000 -2.500 0.000]	0.068	-167.765	0.053	-9.628	0.15	150.019
[0.000 -1.000 0.000]	0.078	39.104	0.024	127.23	0.202	-88.27
[0.000 0.000 0.000]	0.727	8.216	0.631	53.307	0.456	163.223
[0.000 1.500 0.000]	0.967	94.49	1	18.81	0.815	37.569
[0.000 2.500 0.000]	0.204	-145.343	0.613	113.536	1	6.354
[0.000 3.000 0.000]	0.272	-146.752	0.39	-81.449	0.86	159.531
[0.000 3.500 0.000]	0.394	-17.413	0.594	143.257	0.605	4.814
[0.500 -3.500 0.000]	0.581	-42.361	0.656	-170.165	0.454	87.348
[0.500 -3.000 0.000]	0.067	150.482	0.159	37.274	0.367	-117.815
[0.500 -1.500 0.000]	0.559	88.894	0.504	-152.419	0.374	52.161
[0.500 -1.000 0.000]	0.027	62.786	0.052	137.992	0.312	-50.929
[0.500 -0.500 0.000]	1	31.084	0.855	85.066	0.572	175.559
[0.500 0.500 0.000]	0.627	30.83	0.777	20.773	0.668	73.935
[0.500 1.000 0.000]	0.076	40.109	0.063	8.623	0.249	1.996
[0.500 3.500 0.000]	0.559	-44.536	0.659	154.655	0.414	31.355
[1.000 -3.500 0.000]	0.17	-7.815	0.178	-134.917	0.438	132.289
[1.000 -3.000 0.000]	0.091	104.081	0.159	64.913	0.695	-55.71
[1.000 -2.500 0.000]	0.447	-136.871	0.256	3.673	0.688	107.228
[1.000 -2.000 0.000]	0.322	153.821	0.198	-68.107	0.327	-115.36
[1.000 -1.000 0.000]	0.165	68.361	0.125	154.673	0.239	-33.118
[1.000 0.500 0.000]	0.388	63.76	0.388	70.605	0.346	149.126
[1.000 1.500 0.000]	0.711	108.816	0.823	56.152	0.729	50.712
[1.000 2.500 0.000]	0.407	-130.169	0.555	100.683	0.79	49.367
[1.500 -3.500 0.000]	0.419	11.508	0.354	-132.121	0.344	117.885
[1.500 -1.500 0.000]	0.314	141.168	0.321	-71.778	0.482	87.626
[1.500 -1.000 0.000]	0.917	96.696	0.974	-177.442	0.727	-68.707
[1.500 0.500 0.000]	0.404	89.104	0.362	79.819	0.334	134.297
[1.500 3.000 0.000]	0.068	-109.628	0.069	81.66	0.385	-112.766
[1.500 3.500 0.000]	0.296	-0.52	0.433	-146.059	0.525	90.679
[2.000 -3.500 0.000]	0.108	65.859	0.118	-91.488	0.272	169.824
[2.000 -3.000 0.000]	0.217	-25.759	0.283	155.839	0.355	6.496
[2.000 0.000 0.000]	0.741	135.95	0.749	167.661	0.624	-97.976
[2.000 1.000 0.000]	0.159	134.932	0.158	102.532	0.272	118.019
[2.000 1.500 0.000]	0.064	175.466	0.064	132.121	0.251	136.85
[2.000 2.000 0.000]	0.557	-127.372	0.51	141.474	0.2	30.495
[2.000 2.500 0.000]	0.2	-40.434	0.2	179.826	0.442	98.499
[2.000 3.500 0.000]	0.173	75.615	0.272	-86.176	0.334	179.028
[2.500 -3.500 0.000]	0.222	120.637	0.287	-39.747	0.339	-175.931
[2.500 -2.000 0.000]	0.336	-55.577	0.317	72.517	0.178	-17.608
[2.500 -1.500 0.000]	0.034	-120.292	0.053	-14.085	0.211	163.668
[2.500 1.000 0.000]	0.559	-136.876	0.553	-148.842	0.448	-104.156
[2.500 2.500 0.000]	0.226	-5.955	0.361	-99.194	0.61	-125.251
[3.000 -3.000 0.000]	0.339	121.186	0.48	-80.416	0.502	108.153
[3.000 -2.500 0.000]	0.236	41.112	0.248	178.181	0.3	-31.107
[3.000 -1.000 0.000]	0.144	-83.624	0.145	-25.225	0.273	54.923
[3.000 2.000 0.000]	0.009	-12.274	0.002	143.069	0.1	60.792
[3.000 3.000 0.000]	0.208	86.684	0.177	-98.97	0.618	92.41
[3.000 3.500 0.000]	0.118	-136.332	0.109	63.401	0.423	-85.58
[3.500 -3.000 0.000]	0.009	179.168	0.013	0.805	0.083	-124.795
[3.500 -2.000 0.000]	0.258	69.149	0.264	-136.581	0.38	34.865
[3.500 -1.500 0.000]	0.309	14.374	0.468	117.756	0.525	-95.856
[3.500 -0.500 0.000]	0.285	-53.419	0.295	29.798	0.41	152.918
[3.500 0.000 0.000]	0.479	-59.643	0.501	-40.826	0.526	26.947
[3.500 1.000 0.000]	0.531	-44.36	0.718	-63.931	0.444	-43.652
[3.500 2.000 0.000]	0.408	46.122	0.421	-43.984	0.566	-80.233
[3.500 2.500 0.000]	0.003	135.147	0.006	78.46	0.269	65.306
[3.500 3.000 0.000]	0.175	172.353	0.236	-3.553	0.811	-88.461
[3.500 3.500 0.000]	0.085	-46.235	0.262	-178.669	0.561	90.02
