position	beam1_amplitude	beam1_phase	beam2_amplitude	beam2_phase
[-3.500 -3.500 0.000]	0.188	-114.664	0.444	-127.233
[-3.500 -2.500 0.000]	0.184	126.045	0.4	62.275
[-3.500 -1.500 0.000]	0.399	-2.4	0.572	-61.245
[-3.500 -0.500 0.000]	0.265	-61.774	0.69	-126.594
[-3.500 0.500 0.000]	0.293	-52.442	0.705	-123.724
[-3.500 1.500 0.000]	0.295	-3.964	0.532	-57.442
[-3.500 2.500 0.000]	0.201	122.017	0.421	59.703
[-3.500 3.500 0.000]	0.167	-112.51	0.463	-121.809
[-3.000 -3.000 0.000]	0.069	98.916	0.224	-9.742
[-3.000 3.000 0.000]	0.095	101.267	0.289	2.074
[-2.500 -2.500 0.000]	0.473	-15.655	0.599	-57.234
[-2.500 -0.500 0.000]	0.586	174.322	0.768	-158.236
[-2.500 0.500 0.000]	0.583	179.141	0.811	-160.247
[-2.500 2.500 0.000]	0.395	-14.397	0.573	-58.963
[-2.000 -3.500 0.000]	0.261	46.074	0.463	8.396
[-2.000 -1.500 0.000]	0.654	175.635	1	153.04
[-2.000 1.500 0.000]	0.717	174.773	1	149.843
[-2.000 3.500 0.000]	0.238	48.386	0.488	22.509
[-1.500 -3.500 0.000]	0.259	21.035	0.532	-50.214
[-1.500 -0.500 0.000]	0.75	94.862	0.78	80.838
[-1.500 0.500 0.000]	0.583	100.868	0.582	87.369
[-1.500 3.500 0.000]	0.319	21.781	0.645	-56.612
[-1.000 -2.000 0.000]	0.846	161.005	0.948	147.319
[-1.000 -1.000 0.000]	0.8	77.809	0.835	75.196
[-1.000 -0.500 0.000]	0.026	29.511	0.207	-6.815
[-1.000 0.500 0.000]	0.167	41.577	0.538	22.497
[-1.000 1.000 0.000]	0.746	81.058	0.748	81.905
[-1.000 2.000 0.000]	0.837	161.942	0.89	154.449
[-0.500 -3.500 0.000]	0.614	-52.978	0.791	-113.516
[-0.500 -0.500 0.000]	0.33	37.206	0.57	34.431
[-0.500 0.000 0.000]	0.865	16.622	0.653	23.647
[-0.500 0.500 0.000]	0.104	36.801	0.31	68.246
[-0.500 1.500 0.000]	0.17	74.916	0.392	35.005
[-0.500 3.500 0.000]	0.566	-53.493	0.767	-103.947
[0.000 -3.500 0.000]	0.038	-15.527	0.186	-20.737
[0.000 -2.500 0.000]	0.254	-169.174	0.563	-163.976
[0.000 -2.000 0.000]	0.049	144.02	0.279	143.172
[0.000 -1.500 0.000]	0.678	80.998	0.996	70.794
[0.000 -0.500 0.000]	0.545	20.204	0.711	5.311
[0.000 0.500 0.000]	0.75	14.218	0.927	-2.262
[0.000 1.500 0.000]	0.519	82.145	0.845	86.101
[0.000 2.000 0.000]	0.036	140.692	0.247	144.664
[0.000 2.500 0.000]	0.224	-165.663	0.549	-160.921
[0.000 3.500 0.000]	0.002	-10.551	0.018	-12.193
[0.500 -3.500 0.000]	0.595	-50.236	0.761	-113.332
[0.500 -0.500 0.000]	0.204	37.545	0.436	53.38
[0.500 0.000 0.000]	1	15.288	0.813	15.538
[0.500 0.500 0.000]	0.192	38.062	0.412	62.475
[0.500 1.500 0.000]	0.032	74.433	0.177	35.285
[0.500 3.500 0.000]	0.589	-51.873	0.779	-106.61
[1.000 -2.000 0.000]	0.84	164.851	0.969	143.395
[1.000 -1.000 0.000]	0.732	74.932	0.847	77.816
[1.000 -0.500 0.000]	0.058	25.403	0.311	-1.805
[1.000 0.500 0.000]	0.084	39.776	0.402	8.579
[1.000 1.000 0.000]	0.777	77.786	0.801	79.377
[1.000 2.000 0.000]	0.959	162.198	0.989	145.034
[1.500 -3.500 0.000]	0.27	18.105	0.577	-50.567
[1.500 -0.500 0.000]	0.728	98.374	0.78	88.94
[1.500 0.500 0.000]	0.583	98.174	0.524	100.158
[1.500 3.500 0.000]	0.293	13.791	0.57	-53.372
[2.000 -3.500 0.000]	0.278	44.807	0.51	13.541
[2.000 -1.500 0.000]	0.64	175.397	0.911	151.032
[2.000 0.500 0.000]	0.09	118.984	0.389	66.77
[2.000 1.500 0.000]	0.623	179.08	0.891	157.927
[2.000 3.500 0.000]	0.224	48.143	0.476	11.596
[2.500 -2.500 0.000]	0.43	-14.282	0.583	-50.123
[2.500 -0.500 0.000]	0.567	173.429	0.733	-161.528
[2.500 0.500 0.000]	0.597	176.485	0.874	-152.1
[2.500 2.500 0.000]	0.483	-8.678	0.611	-53.965
[3.000 -3.000 0.000]	0.094	100.318	0.283	-11.061
[3.000 3.000 0.000]	0.074	102.204	0.273	-21.384
[3.500 -3.500 0.000]	0.186	-115.292	0.467	-126.467
[3.500 -2.500 0.000]	0.179	126.606	0.423	65.007
[3.500 -1.500 0.000]	0.364	-5.244	0.63	-59.096
[3.500 -0.500 0.000]	0.269	-57.839	0.662	-124.253
[3.500 0.500 0.000]	0.23	-57.938	0.624	-128.119
[3.500 1.500 0.000]	0.355	-5.818	0.634	-63.684
[3.500 2.500 0.000]	0.173	119.509	0.415	66.893
[3.500 3.500 0.000]	0.189	-117.666	0.481	-125.902
