position	beam1_amplitude	beam1_phase	beam2_amplitude	beam2_phase
[-3.500 -2.000 0.000]	0.411	68.354	0.629	-151.706
[-3.500 -1.000 0.000]	0.197	-27.276	0.302	73.673
[-3.500 -0.500 0.000]	0.484	-64.667	0.652	0.708
[-3.500 0.500 0.000]	0.432	-59.758	0.707	-71.435
[-3.500 1.500 0.000]	0.482	17.969	0.729	-57.827
[-3.500 2.500 0.000]	0.318	111.776	0.638	9.03
[-3.000 -3.000 0.000]	0.661	108.188	0.906	-84.555
[-2.500 -3.500 0.000]	0.306	124.935	0.555	-45.851
[-2.500 -1.500 0.000]	0.323	-133.315	0.374	-42.62
[-2.500 0.000 0.000]	0.257	-150.288	0.52	-114.875
[-2.500 1.000 0.000]	0.278	-145.588	0.505	-156.968
[-2.500 2.500 0.000]	0.493	1.913	0.422	-102.537
[-2.000 -1.000 0.000]	0.352	155.87	0.486	-116.002
[-2.000 0.000 0.000]	0.445	132.788	0.633	164.137
[-2.000 1.500 0.000]	0.425	178.679	0.669	118.565
[-2.000 2.500 0.000]	0.148	-69.828	0.349	153.67
[-2.000 3.500 0.000]	0.316	42.876	0.427	-79.383
[-1.500 -3.500 0.000]	0.341	23.714	0.682	-131.439
[-1.500 -2.500 0.000]	0.306	-112.104	0.269	37.27
[-1.500 -1.500 0.000]	0.141	147.417	0.332	-72.503
[-1.500 -1.000 0.000]	0.216	115.823	0.38	-175.072
[-1.500 0.500 0.000]	0.788	87.488	0.686	82.783
[-1.500 3.500 0.000]	0.28	17.697	0.512	-144.094
[-1.000 -2.000 0.000]	0.111	-169.294	0.373	-41.776
[-1.000 -1.500 0.000]	0.438	89.443	0.652	-167.226
[-1.000 -0.500 0.000]	0.872	55.804	0.746	119.815
[-1.000 1.000 0.000]	0.264	88.887	0.676	46.374
[-1.000 2.000 0.000]	0.64	150.51	0.951	70.676
[-1.000 3.500 0.000]	0.142	-2.79	0.346	-140.28
[-0.500 -3.500 0.000]	0.638	-36.384	0.654	-179.792
[-0.500 -2.000 0.000]	0.611	143.252	0.454	-72.744
[-0.500 0.000 0.000]	0.534	12.182	0.852	46.275
[-0.500 0.500 0.000]	0.057	35.505	0.263	-39.141
[-0.500 1.000 0.000]	0.657	55.448	1	40.331
[-0.500 3.500 0.000]	0.514	-44.544	0.743	138.222
[0.000 -3.500 0.000]	0.226	-35.577	0.715	-152.547
[0.000 -3.000 0.000]	0.171	-175.715	0.768	4.556
[0.000 -1.500 0.000]	0.063	103.087	0.492	-123.095
[0.000 -1.000 0.000]	1	52.47	0.968	107.614
[0.000 0.000 0.000]	0.207	3.422	0.546	54.394
[0.000 2.000 0.000]	0.459	106.582	0.587	47.247
[0.000 2.500 0.000]	0.523	-131.728	0.66	109.535
[0.000 3.500 0.000]	0.156	-67.08	0.461	148.387
[0.500 -3.500 0.000]	0.639	-36.372	0.654	-179.8
[0.500 -2.000 0.000]	0.611	143.248	0.454	-72.736
[0.500 0.000 0.000]	0.534	12.178	0.852	46.258
[0.500 0.500 0.000]	0.057	35.473	0.262	-39.136
[0.500 1.000 0.000]	0.657	55.456	1	40.327
[0.500 3.500 0.000]	0.514	-44.531	0.743	138.223
[1.000 -2.000 0.000]	0.11	-169.265	0.373	-41.784
[1.000 -1.500 0.000]	0.438	89.464	0.652	-167.216
[1.000 -0.500 0.000]	0.873	55.815	0.746	119.822
[1.000 1.000 0.000]	0.265	88.902	0.676	46.38
[1.000 2.000 0.000]	0.64	150.481	0.951	70.673
[1.000 3.500 0.000]	0.142	-2.808	0.346	-140.299
[1.500 -3.500 0.000]	0.341	23.718	0.682	-131.447
[1.500 -2.500 0.000]	0.305	-112.117	0.269	37.281
[1.500 -1.500 0.000]	0.14	147.394	0.332	-72.521
[1.500 -1.000 0.000]	0.216	115.817	0.38	-175.047
[1.500 0.500 0.000]	0.788	87.493	0.686	82.779
[1.500 3.500 0.000]	0.279	17.694	0.512	-144.084
[2.000 -1.000 0.000]	0.352	155.876	0.486	-116.014
[2.000 0.000 0.000]	0.446	132.798	0.633	164.146
[2.000 1.500 0.000]	0.425	178.667	0.669	118.568
[2.000 2.500 0.000]	0.148	-69.832	0.349	153.657
[2.000 3.500 0.000]	0.316	42.87	0.427	-79.39
[2.500 -3.500 0.000]	0.306	124.927	0.555	-45.844
[2.500 -1.500 0.000]	0.323	-133.314	0.374	-42.616
[2.500 0.000 0.000]	0.256	-150.267	0.52	-114.883
[2.500 1.000 0.000]	0.278	-145.601	0.505	-156.971
[2.500 2.500 0.000]	0.493	1.905	0.422	-102.529
[3.000 -3.000 0.000]	0.66	108.192	0.906	-84.552
[3.500 -2.000 0.000]	0.411	68.361	0.629	-151.697
[3.500 -1.000 0.000]	0.197	-27.287	0.302	73.676
[3.500 -0.500 0.000]	0.484	-64.667	0.652	0.705
[3.500 0.500 0.000]	0.432	-59.762	0.707	-71.439
[3.500 1.500 0.000]	0.482	17.972	0.728	-57.822
[3.500 2.500 0.000]	0.318	111.759	0.638	9.028
